Id	Ctrl1	Ctrl3	Ctrl4	RNAi1	RNAi3	RNAi4	norm.Ctrl1	norm.Ctrl3	norm.Ctrl4	norm.RNAi1	norm.RNAi3	norm.RNAi4	baseMean	Untreated	RNAi	FoldChange	log2FoldChange	stat	pvalue	padj	dispGeneEst	dispFit	dispMAP	dispersion	betaConv	maxCooks
FBgn0025111	705	282	289	2307	5121	2688	355	441	412	3227	2611	3295	1723.39	403	3044	7.604	2.927	17.618	1.787753741765e-69	5.02418393227357e-66	0.0178	0.0187	0.0183	0.0183	TRUE	NA
FBgn0000071	204	72	84	477	1130	585	103	113	120	667	576	717	382.56	112	653	5.878	2.555	13.357	1.07643984063568e-40	9.07546429639939e-38	0.0114	0.0278	0.0205	0.0205	TRUE	NA
FBgn0035189	123	48	34	381	665	334	62	75	48	533	339	409	244.46	62	427	6.924	2.792	11.25	2.30956074193844e-29	1.39085047252021e-26	0.0321	0.0345	0.0336	0.0336	TRUE	NA
FBgn0283437	7097	2315	2578	7581	17634	7047	3575	3618	3673	10603	8992	8637	6516.45	3622	9411	2.59	1.373	11.235	2.73844032932715e-29	1.53918602777048e-26	0.0048	0.0168	0.0105	0.0105	TRUE	NA
FBgn0001226	1493	470	654	1692	4578	2076	752	735	932	2367	2334	2545	1610.66	806	2415	2.999	1.584	10.858	1.83087555715323e-27	9.08006577785817e-25	0.009	0.0189	0.0144	0.0144	TRUE	NA
FBgn0051092	124	39	37	214	514	245	62	61	53	299	262	300	172.97	59	287	4.883	2.288	10.119	4.53075543537063e-24	1.73630904889136e-21	0	0.0421	0.0254	0.0254	TRUE	NA
FBgn0262733	382	113	97	473	1503	478	192	177	138	662	766	586	420.18	169	671	3.979	1.992	9.794	1.18954330829902e-22	4.01161585290761e-20	0.024	0.0268	0.0256	0.0256	TRUE	NA
FBgn0011260	170	50	53	243	818	257	86	78	76	340	417	315	218.55	80	357	4.467	2.159	9.55	1.29416352960674e-21	4.19657412235169e-19	0.0177	0.0366	0.0283	0.0283	TRUE	NA
FBgn0003748	1510	449	496	1141	3127	1242	761	702	707	1596	1595	1522	1146.96	723	1571	2.173	1.12	9.111	8.19320122793007e-20	2.22828643718318e-17	0	0.02	0.0098	0.0098	TRUE	NA
FBgn0037290	28	10	12	92	309	104	14	16	17	129	158	127	76.76	16	138	8.893	3.153	9.065	1.24968685307946e-19	3.29253433072279e-17	0	0.0746	0.0486	0.0486	TRUE	NA
FBgn0261673	24	13	8	91	263	101	12	20	11	127	134	124	71.5	14	128	9.07	3.181	8.73	2.54736168621725e-18	5.80454226391829e-16	0	0.079	0.0535	0.0535	TRUE	NA
FBgn0029002	2372	620	788	1748	5540	2099	1195	969	1123	2445	2825	2573	1854.85	1096	2614	2.386	1.255	8.615	7.02199736285364e-18	1.51801178887741e-15	0.0102	0.0185	0.0146	0.0146	TRUE	NA
FBgn0032405	61	19	18	106	292	129	31	30	26	148	149	158	90.22	29	152	5.249	2.392	8.213	2.16486951451272e-16	4.05600330596817e-14	0	0.0659	0.0385	0.0385	TRUE	NA
FBgn0001224	632	187	292	636	1741	858	318	292	416	890	888	1052	642.6	342	943	2.752	1.461	7.961	1.70494527745626e-15	2.93354972127218e-13	0.0216	0.0231	0.022	0.022	TRUE	NA
FBgn0033367	20102	6412	6907	21575	37030	20189	10125	10021	9842	30176	18883	24745	17298.61	9996	24601	2.432	1.282	7.868	3.58947684991778e-15	5.93389790620722e-13	0.0224	0.0163	0.019	0.019	TRUE	NA
FBgn0041087	1577	518	624	1331	3169	1578	794	810	889	1862	1616	1934	1317.45	831	1804	2.171	1.118	7.802	6.11749668212395e-15	9.551224912405e-13	0.0079	0.0195	0.0138	0.0138	TRUE	NA
FBgn0034718	644	214	246	554	1373	657	324	334	351	775	700	805	548.27	336	760	2.259	1.176	7.664	1.80375025269791e-14	2.7649851600902e-12	0.004	0.0243	0.0146	0.0146	TRUE	NA
FBgn0010395	1151	428	409	923	3186	1046	580	669	583	1291	1625	1282	1004.85	611	1399	2.293	1.197	7.605	2.85397658668894e-14	4.22138186006569e-12	0.0128	0.0205	0.0165	0.0165	TRUE	NA
FBgn0003137	6420	2268	2192	4907	11300	5052	3234	3544	3123	6863	5762	6192	4786.51	3300	6272	1.897	0.924	7.194	6.30230231426132e-13	8.30229856430269e-11	0.0064	0.017	0.0116	0.0116	TRUE	NA
FBgn0038149	1318	442	537	1035	2644	1378	664	691	765	1448	1348	1689	1100.77	707	1495	2.115	1.081	7.154	8.40692810610999e-13	1.0904432440402e-10	0.01	0.0202	0.0153	0.0153	TRUE	NA
FBgn0024491	1782	544	599	1157	3852	1357	898	850	854	1618	1964	1663	1307.83	867	1748	2.014	1.01	7.108	1.17714391621085e-12	1.50371217538995e-10	0.0075	0.0195	0.0136	0.0136	TRUE	NA
FBgn0031327	871	347	406	823	2096	902	439	542	579	1151	1069	1106	814.17	520	1109	2.149	1.104	7.052	1.76480545617129e-12	2.22075743298211e-10	0.0097	0.0216	0.0161	0.0161	TRUE	NA
FBgn0040271	1596	520	560	1144	3239	1146	804	813	798	1600	1652	1405	1178.47	805	1552	1.931	0.949	7.039	1.94061333669161e-12	2.40607515318338e-10	0.0044	0.0199	0.012	0.012	TRUE	NA
FBgn0033113	548	177	233	496	1221	531	276	277	332	694	623	651	475.31	295	656	2.228	1.155	7.01	2.37650555485404e-12	2.90381425115571e-10	0.0055	0.0255	0.0168	0.0168	TRUE	NA
FBgn0032598	451	135	163	374	913	393	227	211	232	523	466	482	356.79	223	490	2.193	1.133	6.991	2.72770866056871e-12	3.28533024532211e-10	0	0.0287	0.0153	0.0153	TRUE	NA
FBgn0001225	428	158	210	440	1100	601	216	247	299	615	561	737	445.78	254	638	2.524	1.336	6.938	3.98131752556912e-12	4.59814904905113e-10	0.0204	0.0262	0.0236	0.0236	TRUE	NA
FBgn0265276	197	54	46	188	617	196	99	84	66	263	315	240	177.83	83	273	3.29	1.718	6.868	6.504989050269e-12	7.31247502437572e-10	0.0288	0.0414	0.0363	0.0363	TRUE	NA
FBgn0264302	857	240	242	557	1549	616	432	375	345	779	790	755	579.25	384	775	2.022	1.016	6.685	2.3101730227507e-11	2.46545174111534e-09	0	0.0238	0.0144	0.0144	TRUE	NA
FBgn0260011	48	19	35	133	264	149	24	30	50	186	135	183	101.17	35	168	4.999	2.322	6.643	3.0809643693798e-11	3.20686550595569e-09	0.0823	0.0605	0.0683	0.0683	TRUE	NA
FBgn0038528	175	65	67	154	563	205	88	102	95	215	287	251	173.16	95	251	2.633	1.396	6.589	4.42173772234861e-11	4.3858436161319e-09	0.0031	0.042	0.0244	0.0244	TRUE	NA
FBgn0266525	2352	755	791	1406	3952	1581	1185	1180	1127	1967	2015	1938	1568.54	1164	1973	1.696	0.762	6.543	6.01639393176165e-11	5.83036979754971e-09	0	0.0189	0.009	0.009	TRUE	NA
FBgn0051195	1455	442	474	891	2337	1006	733	691	675	1246	1192	1233	961.66	700	1224	1.748	0.806	6.486	8.78846722376377e-11	8.32534462511824e-09	0	0.0207	0.0099	0.0099	TRUE	NA
FBgn0035968	360	122	156	286	836	366	181	191	222	400	426	449	311.53	198	425	2.146	1.102	6.438	1.20872954897017e-10	1.13231098081861e-08	0	0.0305	0.017	0.017	TRUE	NA
FBgn0051642	77	43	27	156	331	144	39	67	38	218	169	176	117.99	48	188	3.977	1.992	6.431	1.27007989743692e-10	1.16391778427073e-08	0.0544	0.0542	0.0543	0.0543	TRUE	NA
FBgn0261284	32	11	14	60	166	92	16	17	20	84	85	113	55.76	18	94	5.244	2.391	6.431	1.26549209959646e-10	1.16391778427073e-08	0	0.0967	0.063	0.063	TRUE	NA
FBgn0037153	161	47	39	151	502	159	81	73	56	211	256	195	145.36	70	221	3.154	1.657	6.334	2.38497152686091e-10	2.09455155655878e-08	0.0265	0.047	0.0388	0.0388	TRUE	NA
FBgn0034885	135	72	56	198	437	243	68	113	80	277	223	298	176.32	87	266	3.116	1.64	6.19	6.00710116340719e-10	4.91707474841611e-08	0.0426	0.0416	0.042	0.042	TRUE	NA
FBgn0031150	1200	315	321	753	2871	909	604	492	457	1053	1464	1114	864.24	518	1210	2.339	1.226	6.176	6.58792076324443e-10	5.34064999566479e-08	0.0344	0.0213	0.0268	0.0268	TRUE	NA
FBgn0038198	46	19	8	75	198	117	23	30	11	105	101	143	68.92	21	116	5.374	2.426	6.157	7.39227581322349e-10	5.9356454648845e-08	0.0819	0.0813	0.0814	0.0814	TRUE	NA
FBgn0051363	11796	3226	3168	6651	23066	7898	5941	5042	4514	9302	11762	9680	7707.02	5166	10248	1.99	0.993	6.048	1.47020389181074e-09	1.11669270377084e-07	0.0259	0.0167	0.0193	0.0193	TRUE	NA
FBgn0034438	73	21	28	95	272	89	37	33	40	133	139	109	81.69	37	127	3.493	1.805	6.006	1.89705921105068e-09	1.41540762905914e-07	0	0.0711	0.0455	0.0455	TRUE	NA
FBgn0031689	372	116	136	257	787	318	187	181	194	359	401	390	285.5	187	383	2.04	1.029	5.989	2.108487110019e-09	1.53247024349743e-07	0	0.0318	0.0169	0.0169	TRUE	NA
FBgn0033635	2626	1358	1490	2786	7202	3117	1323	2122	2123	3897	3673	3820	2826.29	1856	3797	2.093	1.066	5.978	2.25823997886575e-09	1.61349332727264e-07	0.0287	0.0177	0.0224	0.0224	TRUE	NA
FBgn0039479	172	76	75	217	456	242	87	119	107	304	233	297	190.82	104	278	2.693	1.429	5.971	2.36144716460183e-09	1.67305554997967e-07	0.0261	0.0396	0.0339	0.0339	TRUE	NA
FBgn0039113	597	240	248	434	1229	583	301	375	353	607	627	715	496.24	343	650	1.898	0.924	5.941	2.82447799596698e-09	1.9680309077684e-07	0	0.0251	0.015	0.015	TRUE	NA
FBgn0033065	16	5	8	50	109	46	8	8	11	70	56	56	34.86	9	61	6.82	2.77	5.847	5.00930285163058e-09	3.35185970969027e-07	0	0.145	0.0912	0.0912	TRUE	NA
FBgn0267488	3534	1301	1246	2184	6095	2440	1780	2033	1775	3055	3108	2991	2457	1863	3051	1.64	0.713	5.835	5.38562680213391e-09	3.57529287943236e-07	0.0029	0.0179	0.0103	0.0103	TRUE	NA
FBgn0038476	2004	697	757	1232	3516	1350	1009	1089	1079	1723	1793	1655	1391.34	1059	1724	1.63	0.705	5.786	7.21984837194196e-09	4.71864663750718e-07	0	0.0193	0.0098	0.0098	TRUE	NA
FBgn0036752	9320	3228	3360	5316	14505	5954	4694	5045	4788	7435	7397	7298	6109.37	4842	7377	1.524	0.608	5.77	7.93481210610724e-09	5.14603083589155e-07	5e-04	0.0168	0.0078	0.0078	TRUE	NA
FBgn0050463	33	10	10	62	204	49	17	16	14	87	104	60	49.55	16	84	5.425	2.44	5.729	1.00730068265063e-08	6.43375155714204e-07	0	0.1068	0.0884	0.0884	TRUE	NA
FBgn0035761	866	268	318	534	1473	626	436	419	453	747	751	767	595.57	436	755	1.73	0.791	5.724	1.04061432804688e-08	6.59655593967163e-07	0	0.0236	0.0118	0.0118	TRUE	NA
FBgn0003502	1921	637	701	1121	3054	1283	968	996	999	1568	1557	1573	1276.62	988	1566	1.586	0.666	5.691	1.26544412883495e-08	7.90293292607962e-07	0	0.0196	0.0089	0.0089	TRUE	NA
FBgn0038805	1173	354	441	707	1955	843	591	553	628	989	997	1033	798.57	591	1006	1.702	0.767	5.68	1.3476656687686e-08	8.3545362157265e-07	0	0.0217	0.0116	0.0116	TRUE	NA
FBgn0001258	2009	704	848	1607	3479	1896	1012	1100	1208	2248	1774	2324	1611	1107	2115	1.913	0.936	5.669	1.43566435982824e-08	8.80732576872674e-07	0.0182	0.0189	0.0189	0.0189	TRUE	NA
FBgn0034405	3514	1145	1384	2009	5750	2387	1770	1789	1972	2810	2932	2926	2366.52	1844	2889	1.567	0.648	5.667	1.45204398274584e-08	8.80732576872674e-07	4e-04	0.018	0.0089	0.0089	TRUE	NA
FBgn0033724	123	47	81	156	416	222	62	73	115	218	212	272	158.87	83	234	2.847	1.509	5.594	2.21464307509277e-08	1.28770039766256e-06	0.0414	0.0444	0.0434	0.0434	TRUE	NA
FBgn0027515	667	206	250	430	1255	475	336	322	356	601	640	582	472.95	338	608	1.799	0.848	5.574	2.49005149798933e-08	1.4379194643526e-06	0	0.0256	0.0141	0.0141	TRUE	NA
FBgn0024984	127	43	55	147	306	173	64	67	78	206	156	212	130.54	70	191	2.741	1.455	5.554	2.79192696248431e-08	1.60127457283709e-06	0.0225	0.0505	0.0385	0.0385	TRUE	NA
FBgn0052625	174	41	76	155	587	181	88	64	108	217	299	222	166.33	87	246	2.82	1.496	5.514	3.50620874355698e-08	1.98394939039792e-06	0.0475	0.0431	0.0444	0.0444	TRUE	NA
FBgn0028327	7274	1993	2381	3786	9981	4276	3664	3115	3393	5295	5090	5241	4299.51	3391	5209	1.538	0.621	5.473	4.42638280092118e-08	2.47144592016996e-06	0.0019	0.0171	0.009	0.009	TRUE	NA
FBgn0039464	1060	382	439	976	1852	1098	534	597	626	1365	944	1346	901.95	586	1218	2.078	1.055	5.455	4.88987042396875e-08	2.69454232316866e-06	0.0333	0.0211	0.0255	0.0255	TRUE	NA
FBgn0000116	719	302	276	890	1377	877	362	472	393	1245	702	1075	708.22	409	1007	2.441	1.287	5.437	5.43267389435888e-08	2.95502410344127e-06	0.0629	0.0224	0.0385	0.0385	TRUE	NA
FBgn0063492	955	262	325	536	1567	681	481	409	463	750	799	835	622.83	451	795	1.757	0.813	5.394	6.87953326091852e-08	3.71803493094898e-06	0.0038	0.0233	0.0144	0.0144	TRUE	NA
FBgn0033775	37	11	19	63	165	62	19	17	27	88	84	76	51.86	21	83	3.995	1.998	5.377	7.58902364473108e-08	4.04956065498277e-06	0	0.1028	0.0663	0.0663	TRUE	NA
FBgn0030598	32	8	12	55	143	47	16	13	17	77	73	58	42.2	15	69	4.559	2.189	5.342	9.18867371513249e-08	4.84185675576762e-06	0	0.1226	0.0766	0.0766	TRUE	NA
FBgn0035727	78	26	23	84	202	95	39	41	33	117	103	116	74.94	38	112	2.987	1.579	5.305	1.12704716640926e-07	5.86551522222004e-06	0	0.0761	0.0441	0.0441	TRUE	NA
FBgn0263232	916	281	235	642	2632	630	461	439	335	898	1342	772	707.94	412	1004	2.441	1.287	5.213	1.8592092401156e-07	9.27514384817432e-06	0.0729	0.0224	0.042	0.042	TRUE	NA
FBgn0259224	455	149	156	293	996	330	229	233	222	410	508	404	334.42	228	441	1.932	0.95	5.204	1.94871008665303e-07	9.66445572974806e-06	0.0098	0.0295	0.0203	0.0203	TRUE	NA
FBgn0004507	2873	907	999	1943	4031	2236	1447	1417	1423	2718	2056	2741	1966.96	1429	2505	1.748	0.806	5.196	2.03421552528676e-07	1.00295152594694e-05	0.0149	0.0184	0.0167	0.0167	TRUE	NA
FBgn0030037	1138	374	390	683	1721	765	573	584	556	955	878	938	747.32	571	924	1.616	0.693	5.192	2.07517579887319e-07	1.01719809071511e-05	0	0.0221	0.0113	0.0113	TRUE	NA
FBgn0031516	1471	484	480	824	2280	930	741	756	684	1152	1163	1140	939.38	727	1152	1.584	0.664	5.173	2.30689965783757e-07	1.11739092732811e-05	0	0.0209	0.0106	0.0106	TRUE	NA
FBgn0037680	665	191	221	389	1237	440	335	298	315	544	631	539	443.75	316	571	1.807	0.854	5.172	2.31933830248392e-07	1.11739092732811e-05	0.0065	0.0262	0.0169	0.0169	TRUE	NA
FBgn0000405	3685	1258	1235	2150	5421	2223	1856	1966	1760	3007	2764	2725	2346.33	1861	2832	1.522	0.606	5.044	4.56880552921068e-07	2.11646150641622e-05	0.0022	0.018	0.0099	0.0099	TRUE	NA
FBgn0063493	343	114	133	215	673	337	173	178	190	301	343	413	266.23	180	352	1.936	0.953	5.03	4.90391450686847e-07	2.24700560909827e-05	0.007	0.033	0.0213	0.0213	TRUE	NA
FBgn0035150	4386	1355	1484	2265	6711	2512	2209	2118	2115	3168	3422	3079	2685.05	2147	3223	1.502	0.586	5.007	5.5388536072845e-07	2.4986627846287e-05	0.0023	0.0177	0.0095	0.0095	TRUE	NA
FBgn0032451	704	259	335	570	1318	706	355	405	477	797	672	865	595.23	412	778	1.896	0.923	5.001	5.69050986170283e-07	2.5519515236179e-05	0.0211	0.0236	0.0225	0.0225	TRUE	NA
FBgn0261238	1331	517	484	904	2169	1044	670	808	690	1264	1106	1280	969.68	723	1217	1.686	0.753	4.944	7.64941535866405e-07	3.32434128293281e-05	0.0089	0.0207	0.0155	0.0155	TRUE	NA
FBgn0260484	905	310	279	586	1364	617	456	484	398	820	696	756	601.54	446	757	1.697	0.763	4.921	8.61351116269441e-07	3.70512819452432e-05	0.005	0.0235	0.0153	0.0153	TRUE	NA
FBgn0036299	766	321	371	660	1473	838	386	502	529	923	751	1027	686.25	472	900	1.924	0.944	4.902	9.48396083185782e-07	4.03834716027239e-05	0.0279	0.0226	0.0249	0.0249	TRUE	NA
FBgn0003076	2397	751	910	1401	3500	1772	1207	1174	1297	1960	1785	2172	1598.97	1226	1972	1.607	0.685	4.895	9.84632597944501e-07	4.15507447161066e-05	0.0077	0.0189	0.0134	0.0134	TRUE	NA
FBgn0038436	985	354	374	605	1584	733	496	553	533	846	808	898	689.1	527	851	1.614	0.691	4.894	9.85665869199539e-07	4.15507447161066e-05	0	0.0226	0.0126	0.0126	TRUE	NA
FBgn0000043	44136	16052	17308	29782	65571	34401	22230	25086	24662	41655	33437	42165	31539.17	23993	39086	1.629	0.704	4.867	1.13105810247073e-06	4.67448571663273e-05	0.0139	0.0162	0.0151	0.0151	TRUE	NA
FBgn0005640	2453	905	845	1418	3755	1740	1235	1414	1204	1983	1915	2133	1647.45	1284	2010	1.565	0.646	4.828	1.38111010536309e-06	5.68006795039817e-05	0.005	0.0188	0.0122	0.0122	TRUE	NA
FBgn0036007	2033	669	683	1226	3501	1168	1024	1046	973	1715	1785	1432	1329.05	1014	1644	1.622	0.698	4.814	1.47952434239235e-06	6.05527656830576e-05	0.0088	0.0195	0.0143	0.0143	TRUE	NA
FBgn0020248	30	12	9	44	110	57	15	19	13	62	56	70	39.03	16	63	4.016	2.006	4.811	1.49974005324891e-06	6.10836154055148e-05	0	0.1313	0.0809	0.0809	TRUE	NA
FBgn0032089	168	50	55	122	325	160	85	78	78	171	166	196	128.93	80	178	2.194	1.133	4.807	1.5305117029705e-06	6.20372315756935e-05	0	0.0509	0.0301	0.0301	TRUE	NA
FBgn0030805	417	162	187	382	771	446	210	253	266	534	393	547	367.29	243	491	2.027	1.019	4.789	1.67451220308778e-06	6.72276780201573e-05	0.0304	0.0283	0.0292	0.0292	TRUE	NA
FBgn0027949	2348	726	862	1401	3228	1549	1183	1135	1228	1960	1646	1899	1508.28	1182	1835	1.55	0.632	4.744	2.09566460220299e-06	8.334220877912e-05	0.0048	0.019	0.012	0.012	TRUE	NA
FBgn0037739	575	161	193	326	970	369	290	252	275	456	495	452	369.85	272	468	1.718	0.781	4.715	2.42035499529548e-06	9.49116882108661e-05	0	0.0282	0.0166	0.0166	TRUE	NA
FBgn0004396	4362	1157	932	2274	8252	2578	2197	1808	1328	3181	4208	3160	2646.92	1778	3516	2	1	4.696	2.6545032402874e-06	0.000103611651939181	0.0543	0.0178	0.0322	0.0322	TRUE	NA
FBgn0285963	2888	893	1067	1550	4051	1788	1455	1396	1520	2168	2066	2192	1799.29	1457	2142	1.47	0.555	4.694	2.68019747620058e-06	0.000104132465077636	0.001	0.0186	0.0094	0.0094	TRUE	NA
FBgn0035266	411	156	212	438	800	512	207	244	302	613	408	628	400.17	251	550	2.2	1.137	4.659	3.17432309084763e-06	0.000121098271397902	0.0573	0.0273	0.0397	0.0397	TRUE	NA
FBgn0037468	5638	1207	1500	2855	10497	3050	2840	1886	2137	3993	5353	3738	3324.61	2288	4361	1.93	0.948	4.631	3.6430557538722e-06	0.000137733646012989	0.0497	0.0174	0.0298	0.0298	TRUE	NA
FBgn0034391	77	30	23	76	195	88	39	47	33	106	99	108	72.01	40	104	2.654	1.408	4.621	3.82134896744673e-06	0.000143829433680997	0	0.0785	0.0476	0.0476	TRUE	NA
FBgn0034354	525	164	248	374	969	487	264	256	353	523	494	597	414.71	291	538	1.847	0.885	4.598	4.2683534601265e-06	0.000159232247886401	0.0181	0.0269	0.0238	0.0238	TRUE	NA
FBgn0038341	574	221	234	452	972	486	289	345	333	632	496	596	448.57	322	575	1.784	0.835	4.592	4.38295273818269e-06	0.00016278711249171	0.0152	0.0261	0.0211	0.0211	TRUE	NA
FBgn0031117	406	140	189	354	725	458	204	219	269	495	370	561	353.13	231	475	2.062	1.044	4.588	4.46561171400046e-06	0.000165018658691591	0.0405	0.0288	0.0337	0.0337	TRUE	NA
FBgn0086906	1912	676	627	1284	2862	1155	963	1056	893	1796	1459	1416	1263.98	971	1557	1.597	0.676	4.552	5.31210303489846e-06	0.000193880262715277	0.0096	0.0196	0.0149	0.0149	TRUE	NA
FBgn0039593	45	7	19	48	151	67	23	11	27	67	77	82	47.82	20	75	3.653	1.869	4.546	5.4790482524232e-06	0.000199111447483535	0	0.1101	0.0877	0.0877	TRUE	NA
FBgn0015568	277	73	127	225	535	257	140	114	181	315	273	315	222.85	145	301	2.074	1.052	4.543	5.54556614059424e-06	0.000200663811722532	0.0272	0.0362	0.0329	0.0329	TRUE	NA
FBgn0035811	1109	486	609	1041	2226	1204	559	760	868	1456	1135	1476	1042.12	729	1356	1.885	0.915	4.522	6.11309938851508e-06	0.000219317195508811	0.0394	0.0204	0.0283	0.0283	TRUE	NA
FBgn0003317	2064	698	827	1178	3169	1304	1040	1091	1178	1648	1616	1598	1361.78	1103	1621	1.471	0.557	4.492	7.04105703080038e-06	0.00025047743386784	0.0013	0.0194	0.0102	0.0102	TRUE	NA
FBgn0053556	378	118	116	253	558	256	190	184	165	354	285	314	248.71	180	318	1.76	0.816	4.453	8.46027921658474e-06	0.000293533391255251	0	0.0341	0.0193	0.0193	TRUE	NA
FBgn0036862	504	167	138	284	927	346	254	261	197	397	473	424	334.25	237	431	1.817	0.861	4.432	9.33304429576442e-06	0.000321171005949346	0.0151	0.0295	0.0236	0.0236	TRUE	NA
FBgn0032140	3419	1164	1270	1681	5060	2074	1722	1819	1810	2351	2580	2542	2137.38	1784	2491	1.396	0.481	4.39	1.13429081999424e-05	0.000387174328071718	0	0.0182	0.0081	0.0081	TRUE	NA
FBgn0259821	266	80	66	179	592	167	134	125	94	250	302	205	185	118	252	2.157	1.109	4.362	1.2866322525819e-05	0.000435646446647309	0.0384	0.0404	0.0396	0.0396	TRUE	NA
FBgn0039381	1234	455	539	823	2092	854	622	711	768	1151	1067	1047	894.21	700	1088	1.56	0.642	4.329	1.49715246427937e-05	0.000504899697053575	0.0073	0.0211	0.0145	0.0145	TRUE	NA
FBgn0250904	30	12	12	44	100	50	15	19	17	62	51	61	37.46	17	58	3.446	1.785	4.318	1.5767497049058e-05	0.000525437816682244	0	0.1361	0.0806	0.0806	TRUE	NA
FBgn0259740	1061	286	356	546	2197	666	534	447	507	764	1120	816	698.15	496	900	1.805	0.852	4.298	1.72200308988114e-05	0.000564910819096806	0.032	0.0225	0.0266	0.0266	TRUE	NA
FBgn0032635	966	338	376	565	1492	631	487	528	536	790	761	773	645.84	517	775	1.502	0.587	4.254	2.10105700740181e-05	0.000670985288992602	0	0.023	0.0119	0.0119	TRUE	NA
FBgn0004108	758	341	394	685	1436	802	382	533	561	958	732	983	691.58	492	891	1.833	0.874	4.22	2.43813325037158e-05	0.000761329682736399	0.0382	0.0226	0.0292	0.0292	TRUE	NA
FBgn0039485	76	18	29	70	186	68	38	28	41	98	95	83	63.97	36	92	2.563	1.358	4.21	2.54990691815679e-05	0.00079037739805073	0	0.0864	0.0535	0.0535	TRUE	NA
FBgn0266064	5040	1828	1990	3181	7146	3503	2538	2857	2836	4449	3644	4294	3436.26	2744	4129	1.505	0.59	4.205	2.61621902652971e-05	0.000807961267863443	0.0101	0.0174	0.0138	0.0138	TRUE	NA
FBgn0031049	613	162	244	375	1400	399	309	253	348	524	714	489	439.51	303	576	1.896	0.923	4.2	2.6739541874552e-05	0.000820104112627047	0.0405	0.0263	0.032	0.032	TRUE	NA
FBgn0031888	4553	1570	1714	2295	6350	2819	2293	2454	2442	3210	3238	3455	2848.72	2396	3301	1.378	0.462	4.195	2.73441719287519e-05	0.000835285193954011	0	0.0176	0.0084	0.0084	TRUE	NA
FBgn0262794	1603	434	561	871	3792	978	807	678	799	1218	1934	1199	1105.94	761	1450	1.893	0.921	4.189	2.80053705381437e-05	0.000852394509050866	0.0538	0.0201	0.0337	0.0337	TRUE	NA
FBgn0029147	1329	495	600	969	2147	1027	669	774	855	1355	1095	1259	1001.14	766	1236	1.618	0.694	4.169	3.06508418470037e-05	0.000916373218482582	0.0163	0.0206	0.0188	0.0188	TRUE	NA
FBgn0266801	339	126	81	221	677	249	171	197	115	309	345	305	240.43	161	320	1.989	0.992	4.142	3.44387059641186e-05	0.00102598137803351	0.0384	0.0348	0.0362	0.0362	TRUE	NA
FBgn0038720	400	132	135	224	644	290	201	206	192	313	328	355	266.21	200	332	1.656	0.728	4.137	3.52196734743996e-05	0.00104267224489182	0	0.033	0.0179	0.0179	TRUE	NA
FBgn0031307	2708	990	1170	1812	4023	2197	1364	1547	1667	2534	2051	2693	1976.15	1526	2426	1.593	0.672	4.121	3.77643935992959e-05	0.00110552639734606	0.017	0.0183	0.0186	0.0186	TRUE	NA
FBgn0011016	2845	873	1098	1448	4368	1657	1433	1364	1565	2025	2227	2031	1774.24	1454	2094	1.441	0.527	4.118	3.81500322972447e-05	0.00111295128822862	0.0035	0.0186	0.0111	0.0111	TRUE	NA
FBgn0030318	4081	1239	1397	2116	5029	2269	2055	1936	1991	2960	2564	2781	2381.25	1994	2768	1.387	0.472	4.113	3.91058554761019e-05	0.00113690161213454	0.0014	0.018	0.009	0.009	TRUE	NA
FBgn0003041	2592	896	959	1382	3746	1501	1306	1400	1366	1933	1910	1840	1625.86	1357	1894	1.397	0.482	4.103	4.07232881089755e-05	0.00117581521248895	0	0.0188	0.0093	0.0093	TRUE	NA
FBgn0000146	2607	828	983	1342	3839	1477	1313	1294	1401	1877	1958	1810	1608.79	1336	1882	1.409	0.495	4.099	4.15064144046291e-05	0.0011943364499844	0.0013	0.0189	0.0098	0.0098	TRUE	NA
FBgn0261278	2240	712	861	1166	3179	1329	1128	1113	1227	1631	1621	1629	1391.44	1156	1627	1.408	0.493	4.075	4.60229910100851e-05	0.00131979536464635	1e-04	0.0193	0.0097	0.0097	TRUE	NA
FBgn0003074	3139	1157	1251	2181	4456	2321	1581	1808	1783	3050	2272	2845	2223.22	1724	2722	1.577	0.657	4.074	4.62887385856949e-05	0.00132291645768133	0.0192	0.0181	0.0182	0.0182	TRUE	NA
FBgn0087007	198	64	77	139	357	157	100	100	110	194	182	192	146.39	103	189	1.839	0.879	4.072	4.66959809735915e-05	0.00133004667428496	0	0.0468	0.0253	0.0253	TRUE	NA
FBgn0260933	1239	458	435	752	1771	857	624	716	620	1052	903	1050	827.49	653	1002	1.534	0.617	4.062	4.86525715721186e-05	0.00137647594269977	0.0082	0.0215	0.0152	0.0152	TRUE	NA
FBgn0001257	18663	5109	5304	8163	23630	10000	9400	7984	7558	11417	12050	12257	10110.99	8314	11908	1.437	0.523	4.042	5.29601774696097e-05	0.00148835752082093	0.0068	0.0165	0.012	0.012	TRUE	NA
FBgn0033368	107	24	30	76	189	86	54	38	43	106	96	105	73.71	45	102	2.289	1.195	4.035	5.46032280334471e-05	0.00152437025016554	0	0.0771	0.0453	0.0453	TRUE	NA
FBgn0001124	1824	695	789	1197	2784	1380	919	1086	1124	1674	1420	1691	1319.07	1043	1595	1.534	0.617	4.024	5.71509382350841e-05	0.00157980183691801	0.0123	0.0195	0.0161	0.0161	TRUE	NA
FBgn0010097	129	47	56	109	250	160	65	73	80	152	127	196	115.71	73	158	2.177	1.122	4.026	5.68080272812338e-05	0.00157980183691801	0.0319	0.0549	0.0449	0.0449	TRUE	NA
FBgn0039844	827	320	296	465	1497	536	417	500	422	650	763	657	568.19	446	690	1.551	0.633	4.02	5.83071284412279e-05	0.00160649477087579	0.0062	0.024	0.0158	0.0158	TRUE	NA
FBgn0010470	7795	2677	3146	4299	10779	5032	3926	4184	4483	6013	5497	6168	5044.93	4198	5893	1.405	0.491	4.006	6.16473375177013e-05	0.00168749578770045	0.0042	0.017	0.0106	0.0106	TRUE	NA
FBgn0263916	3341	1023	1210	1783	4251	2179	1683	1599	1724	2494	2168	2671	2056.33	1669	2444	1.464	0.549	3.983	6.81548349850869e-05	0.00184763155549604	0.0072	0.0183	0.0132	0.0132	TRUE	NA
FBgn0035623	495	164	199	288	835	328	249	256	284	403	426	402	336.63	263	410	1.562	0.644	3.956	7.60646953280161e-05	0.0020423612939825	0	0.0294	0.0156	0.0156	TRUE	NA
FBgn0036316	6132	2254	2642	3468	9174	4014	3088	3523	3765	4851	4678	4920	4137.38	3459	4816	1.397	0.482	3.943	8.0494988516911e-05	0.00214763686134834	0.0044	0.0172	0.0105	0.0105	TRUE	NA
FBgn0037844	412	131	139	256	594	262	208	205	198	358	303	321	265.4	204	327	1.608	0.685	3.915	9.0547389076151e-05	0.002408217783284	0	0.033	0.0176	0.0176	TRUE	NA
FBgn0003447	44	15	23	44	149	57	22	23	33	62	76	70	47.63	26	69	2.657	1.41	3.913	9.114030561828e-05	0.00241636451782301	0	0.1105	0.0645	0.0645	TRUE	NA
FBgn0032420	198	59	69	113	384	153	100	92	98	158	196	188	138.61	97	181	1.851	0.888	3.9	9.61357862537701e-05	0.0025328775434548	0	0.0485	0.0287	0.0287	TRUE	NA
FBgn0025678	15340	5626	6633	9347	22179	10838	7726	8792	9451	13073	11310	13284	10606.19	8656	12556	1.454	0.54	3.899	9.66341166608334e-05	0.00253807550644077	0.0101	0.0165	0.0137	0.0137	TRUE	NA
FBgn0063667	8	1	4	20	42	25	4	2	6	28	21	31	15.22	4	27	6.962	2.799	3.887	0.000101649244292952	0.00265326556852594	0	0.3115	0.2104	0.2104	TRUE	NA
FBgn0034067	170	70	80	145	334	174	86	109	114	203	170	213	149.23	103	195	1.913	0.936	3.882	0.000103417538428045	0.00269109032866311	0.0167	0.0462	0.0336	0.0336	TRUE	NA
FBgn0020255	10052	3316	4060	5452	13941	5966	5063	5182	5785	7625	7109	7312	6346.2	5343	7349	1.376	0.46	3.864	0.000111551874795059	0.00286735931828396	0.004	0.0168	0.0101	0.0101	TRUE	NA
FBgn0050035	1994	766	773	1276	2853	1422	1004	1197	1101	1785	1455	1743	1380.89	1101	1661	1.51	0.594	3.862	0.000112467358716138	0.00288210425937922	0.012	0.0193	0.0162	0.0162	TRUE	NA
FBgn0267727	9359	3196	3453	4968	12065	5712	4714	4995	4920	6949	6152	7001	5788.46	4876	6701	1.374	0.458	3.846	0.000120251900584079	0.00306297212635762	0.0037	0.0168	0.01	0.01	TRUE	NA
FBgn0022702	330	180	180	352	691	413	166	281	256	492	352	506	342.48	234	450	1.961	0.971	3.837	0.000124567453459773	0.00316333795216669	0.0624	0.0292	0.0426	0.0426	TRUE	NA
FBgn0033926	22982	6968	6579	10743	27596	11913	11575	10890	9374	15026	14072	14602	12589.83	10613	14567	1.375	0.459	3.835	0.00012576825845482	0.00318424080189966	0.0041	0.0164	0.0102	0.0102	TRUE	NA
FBgn0027597	632	207	259	380	944	445	318	324	369	531	481	545	428.19	337	519	1.541	0.624	3.822	0.000132279870573797	0.00331920115716571	0.0048	0.0266	0.0165	0.0165	TRUE	NA
FBgn0031461	921	311	314	531	1298	525	464	486	447	743	662	643	574.23	466	683	1.466	0.552	3.81	0.000139033664822057	0.00344762596504342	8e-04	0.0239	0.0131	0.0131	TRUE	NA
FBgn0010894	271	74	78	152	589	164	136	116	111	213	300	201	179.54	121	238	1.966	0.975	3.809	0.000139599788458708	0.00345151265834419	0.0394	0.0411	0.0404	0.0404	TRUE	NA
FBgn0010314	520	165	177	302	964	294	262	258	252	422	492	360	341.05	257	425	1.656	0.728	3.802	0.000143469586512532	0.00352650753319872	0.0154	0.0293	0.0229	0.0229	TRUE	NA
FBgn0013765	4723	1550	1601	2228	6758	2535	2379	2422	2281	3116	3446	3107	2791.99	2361	3223	1.365	0.449	3.8	0.000144648699426935	0.00354515460717584	0.0022	0.0177	0.0097	0.0097	TRUE	NA
FBgn0014869	2450	844	986	1595	3311	1718	1234	1319	1405	2231	1688	2106	1663.82	1319	2008	1.519	0.603	3.798	0.000145579734255814	0.00355763112901671	0.0163	0.0188	0.0175	0.0175	TRUE	NA
FBgn0026189	20973	7030	6719	10308	29758	10950	10563	10987	9574	14417	15175	13421	12356.2	10375	14338	1.382	0.467	3.797	0.000146723216005425	0.00357521223740387	0.0055	0.0164	0.0108	0.0108	TRUE	NA
FBgn0015777	1895	608	594	894	2808	1046	954	950	846	1250	1432	1282	1119.23	917	1321	1.441	0.527	3.774	0.000160366996649366	0.00385200612179715	0.0057	0.0201	0.013	0.013	TRUE	NA
FBgn0000299	78942	30342	28668	53221	108092	52021	39760	47419	40849	74438	55120	63762	53557.98	42676	64440	1.503	0.588	3.767	0.000165374989729206	0.00394979189350406	0.0229	0.0162	0.0175	0.0175	TRUE	NA
FBgn0259111	3833	1527	1465	2337	5545	2622	1931	2386	2087	3269	2828	3214	2619.08	2135	3104	1.456	0.542	3.766	0.000166064183047404	0.00395504838212616	0.0106	0.0178	0.0145	0.0145	TRUE	NA
FBgn0000447	1045	322	410	536	1626	629	526	503	584	750	829	771	660.59	538	783	1.456	0.542	3.764	0.000167264725764366	0.0039724194448433	0.0017	0.0229	0.0132	0.0132	TRUE	NA
FBgn0005660	357	147	138	250	591	290	180	230	197	350	301	355	268.78	202	335	1.667	0.737	3.762	0.000168246987893714	0.00398452346890983	0.0111	0.0328	0.0232	0.0232	TRUE	NA
FBgn0051219	2643	990	1199	1443	4958	1677	1331	1547	1708	2018	2528	2055	1864.81	1529	2200	1.444	0.53	3.747	0.000179123681946142	0.00421045270396898	0.0089	0.0185	0.0138	0.0138	TRUE	NA
FBgn0086355	5603	2302	2412	4324	8128	5011	2822	3598	3437	6048	4145	6142	4365.16	3286	5445	1.66	0.732	3.745	0.000180306903703227	0.00422268751422753	0.0403	0.0171	0.0272	0.0272	TRUE	NA
FBgn0085446	7165	2348	2212	3696	8638	4278	3609	3669	3152	5169	4405	5243	4207.98	3477	4939	1.42	0.506	3.739	0.000184414279718074	0.0043069163221692	0.0085	0.0171	0.0129	0.0129	TRUE	NA
FBgn0000490	319	114	98	208	512	202	161	178	140	291	261	248	213.01	160	267	1.675	0.744	3.722	0.000197742875498081	0.00456763777566949	0	0.0372	0.0232	0.0232	TRUE	NA
FBgn0031268	164	67	58	106	350	135	83	105	83	148	178	165	127.03	90	164	1.826	0.869	3.705	0.000211713113753899	0.00486363286664612	0	0.0515	0.0302	0.0302	TRUE	NA
FBgn0039876	396	130	133	207	639	262	199	203	190	290	326	321	254.77	197	312	1.578	0.658	3.702	0.000213582704091444	0.00489324939726893	0	0.0337	0.0182	0.0182	TRUE	NA
FBgn0037850	490	180	211	324	773	369	247	281	301	453	394	452	354.73	276	433	1.573	0.653	3.691	0.00022347367954062	0.00508843517864165	0.0081	0.0287	0.0193	0.0193	TRUE	NA
FBgn0085339	2334	702	745	1157	2767	1224	1176	1097	1062	1618	1411	1500	1310.61	1112	1510	1.358	0.441	3.687	0.000226701871933257	0.00513796635018627	0	0.0195	0.0094	0.0094	TRUE	NA
FBgn0041604	539	161	171	282	819	299	271	252	244	394	418	366	324.21	256	393	1.54	0.623	3.663	0.000249034730945513	0.00560742019237111	0	0.0299	0.0172	0.0172	TRUE	NA
FBgn0035390	1960	604	694	984	2598	1036	987	944	989	1376	1325	1270	1148.49	973	1324	1.36	0.444	3.661	0.000250820016741469	0.00562410521581735	0	0.02	0.0096	0.0096	TRUE	NA
FBgn0037678	27	16	9	52	76	51	14	25	13	73	39	63	37.57	17	58	3.428	1.777	3.654	0.000258185326445242	0.00572831707173641	0.113	0.1357	0.1271	0.1271	TRUE	NA
FBgn0063491	1686	543	646	874	2252	1128	849	849	920	1222	1148	1383	1061.94	873	1251	1.432	0.518	3.654	0.000258067557228644	0.00572831707173641	0.0063	0.0203	0.0134	0.0134	TRUE	NA
FBgn0032436	13	6	4	31	62	18	7	9	6	43	32	22	19.78	7	32	4.593	2.199	3.643	0.00026964481890213	0.0059668647458369	0.0309	0.2434	0.165	0.165	TRUE	NA
FBgn0001091	5417	2371	2543	4365	8312	5149	2728	3705	3624	6105	4239	6311	4452.02	3352	5552	1.667	0.737	3.638	0.000274238908177982	0.00603683612232002	0.044	0.0171	0.0293	0.0293	TRUE	NA
FBgn0250785	2061	778	843	1194	2937	1405	1038	1216	1201	1670	1498	1722	1390.81	1152	1630	1.418	0.504	3.625	0.000288657174325175	0.00630484102781231	0.0069	0.0193	0.0131	0.0131	TRUE	NA
FBgn0051361	2360	862	807	1240	3234	1421	1189	1347	1150	1734	1649	1742	1468.48	1229	1708	1.391	0.476	3.624	0.000290360855016102	0.0063093617748473	0.0041	0.0191	0.0117	0.0117	TRUE	NA
FBgn0033777	1657	533	555	809	2498	880	835	833	791	1132	1274	1079	990.39	820	1162	1.418	0.504	3.613	0.000302172035541077	0.00653233956832519	0.0051	0.0206	0.0129	0.0129	TRUE	NA
FBgn0050185	777	224	275	401	1045	451	391	350	392	561	533	553	463.3	378	549	1.451	0.538	3.609	0.000307176640543129	0.00660664861331409	0	0.0258	0.0135	0.0135	TRUE	NA
FBgn0011606	2872	1023	1014	1588	3736	1743	1447	1599	1445	2221	1905	2136	1792.12	1497	2087	1.394	0.479	3.599	0.000319246964378507	0.00683944129515498	0.0055	0.0186	0.0121	0.0121	TRUE	NA
FBgn0032820	532	176	202	297	775	354	268	275	288	415	395	434	345.89	277	415	1.497	0.582	3.599	0.00031962280515847	0.00683944129515498	0	0.0291	0.0155	0.0155	TRUE	NA
FBgn0000565	1010	306	397	604	1321	761	509	478	566	845	674	933	667.3	518	817	1.575	0.656	3.583	0.000340075321118253	0.00718590233671175	0.0219	0.0228	0.0224	0.0224	TRUE	NA
FBgn0011710	4464	1488	1588	2212	5667	2463	2248	2325	2263	3094	2890	3019	2639.85	2279	3001	1.317	0.397	3.574	0.000351543594967219	0.00740966012292157	7e-04	0.0178	0.0085	0.0085	TRUE	NA
FBgn0027836	4797	1846	2028	3248	6619	3771	2416	2885	2890	4543	3375	4622	3455.15	2730	4180	1.533	0.616	3.551	0.000383113611988675	0.00797538484611486	0.0252	0.0174	0.0214	0.0214	TRUE	NA
FBgn0029506	19279	5861	7108	9069	31350	10292	9710	9160	10128	12684	15987	12615	11713.96	9666	13762	1.422	0.508	3.548	0.000387563447171892	0.0080481463623306	0.0137	0.0165	0.0146	0.0146	TRUE	NA
FBgn0261563	2758	1210	1067	1837	4463	1866	1389	1891	1520	2569	2276	2287	1988.8	1600	2377	1.491	0.576	3.543	0.000395604279367467	0.00817485215526252	0.0194	0.0183	0.0185	0.0185	TRUE	NA
FBgn0038815	262	90	91	157	469	167	132	141	130	220	239	205	177.62	134	221	1.655	0.727	3.537	0.000404354164308044	0.00827242400273531	0	0.0414	0.0238	0.0238	TRUE	NA
FBgn0261258	4268	1254	1154	1873	5814	2205	2150	1960	1644	2620	2965	2703	2340.14	1918	2763	1.444	0.53	3.534	0.000410027324095642	0.00835009751074967	0.0122	0.018	0.0157	0.0157	TRUE	NA
FBgn0026179	799	274	243	466	1048	464	402	428	346	652	534	569	488.63	392	585	1.489	0.574	3.519	0.000433699850956815	0.00876864135111968	0.0059	0.0253	0.0168	0.0168	TRUE	NA
FBgn0003886	465	212	238	414	775	551	234	331	339	579	395	675	425.71	301	550	1.845	0.884	3.513	0.000443190484950238	0.00893908846558722	0.0666	0.0266	0.0427	0.0427	TRUE	NA
FBgn0035710	20	3	5	22	61	25	10	5	7	31	31	31	19.07	7	31	4.171	2.06	3.511	0.000446571699572201	0.00898578997396951	0	0.2519	0.1557	0.1557	TRUE	NA
FBgn0032105	966	333	392	561	1377	612	487	520	559	785	702	750	633.74	522	746	1.43	0.516	3.502	0.000462180707548966	0.00925569013146159	0.0039	0.0232	0.0139	0.0139	TRUE	NA
FBgn0028434	125	25	50	83	237	104	63	39	71	116	121	127	89.61	58	121	2.089	1.063	3.488	0.000487178065206279	0.00973317125060221	0.0205	0.0662	0.0528	0.0528	TRUE	NA
FBgn0259246	540	247	228	437	908	439	272	386	325	611	463	538	432.53	328	537	1.649	0.721	3.485	0.000492234080376498	0.00981093506301243	0.0305	0.0265	0.0281	0.0281	TRUE	NA
FBgn0259734	477	186	156	274	740	332	240	291	222	383	377	407	320.12	251	389	1.551	0.633	3.479	0.000502524862026453	0.00996891085116476	0.0056	0.0301	0.0203	0.0203	TRUE	NA
FBgn0031489	1616	614	707	953	2424	1079	814	960	1007	1333	1236	1323	1112.07	927	1297	1.405	0.491	3.474	0.000512102095632052	0.0101350534466522	0.0063	0.0201	0.0133	0.0133	TRUE	NA
FBgn0011592	857	265	275	430	1274	446	432	414	392	601	650	547	505.9	413	599	1.456	0.542	3.457	0.000545590050135962	0.0105987781398532	0.005	0.025	0.0154	0.0154	TRUE	NA
FBgn0024177	682	176	269	387	1095	386	344	275	383	541	558	473	429.11	334	524	1.571	0.652	3.456	0.0005473781282367	0.0106090689635945	0.0179	0.0265	0.0229	0.0229	TRUE	NA
FBgn0032078	7765	2693	2968	4069	9910	4702	3911	4209	4229	5691	5053	5763	4809.42	4116	5502	1.337	0.419	3.434	0.000594351665494722	0.0113265073589028	0.0041	0.017	0.0105	0.0105	TRUE	NA
FBgn0033438	2320	787	722	1087	3120	1308	1169	1230	1029	1520	1591	1603	1356.96	1143	1571	1.375	0.46	3.415	0.000638338741698436	0.01201302216799	0.0045	0.0194	0.0122	0.0122	TRUE	NA
FBgn0036764	5144	2010	2450	3139	7892	3670	2591	3141	3491	4390	4024	4498	3689.37	3074	4304	1.409	0.495	3.415	0.00063817546467945	0.01201302216799	0.0103	0.0173	0.0148	0.0148	TRUE	NA
FBgn0029664	1026	331	384	482	1527	608	517	517	547	674	779	745	629.88	527	733	1.388	0.473	3.403	0.00066704474095569	0.0124421553340651	0	0.0232	0.0121	0.0121	TRUE	NA
FBgn0051116	257	88	100	159	429	172	129	138	142	222	219	211	176.9	136	217	1.597	0.676	3.395	0.000687506373375943	0.0127955104501823	0	0.0415	0.022	0.022	TRUE	NA
FBgn0016032	578	248	283	416	1029	437	291	388	403	582	525	536	454.02	361	548	1.534	0.618	3.383	0.000716513822862268	0.013185698737924	0.0159	0.026	0.0215	0.0215	TRUE	NA
FBgn0027843	1269	369	515	652	1809	772	639	577	734	912	922	946	788.38	650	927	1.425	0.511	3.383	0.000717855025584999	0.013185698737924	0.0071	0.0218	0.015	0.015	TRUE	NA
FBgn0265413	3679	1495	1879	2223	6220	2644	1853	2336	2677	3109	3172	3241	2731.42	2289	3174	1.4	0.486	3.384	0.000714539317290709	0.013185698737924	0.0109	0.0177	0.0144	0.0144	TRUE	NA
FBgn0011674	180	47	59	99	312	119	91	73	84	138	159	146	115.27	83	148	1.781	0.833	3.374	0.000740772692016595	0.0134891027351877	0	0.0551	0.0335	0.0335	TRUE	NA
FBgn0001206	1027	323	356	522	1306	583	517	505	507	730	666	715	606.66	510	704	1.379	0.464	3.369	0.000754477060290411	0.0136249054525711	0	0.0235	0.0118	0.0118	TRUE	NA
FBgn0031769	2288	765	827	1143	2966	1254	1152	1196	1178	1599	1512	1537	1362.41	1175	1549	1.318	0.399	3.369	0.000754117732971664	0.0136249054525711	0	0.0194	0.0093	0.0093	TRUE	NA
FBgn0034793	744	261	360	446	1170	604	375	408	513	624	597	740	542.72	432	654	1.517	0.601	3.37	0.000751306749532339	0.0136249054525711	0.0164	0.0244	0.0208	0.0208	TRUE	NA
FBgn0038804	172	50	61	115	256	124	87	78	87	161	131	152	115.84	84	148	1.756	0.812	3.361	0.000776754339372568	0.0139931962291669	0	0.0549	0.0317	0.0317	TRUE	NA
FBgn0036641	300	117	151	201	555	242	151	183	215	281	283	297	234.98	183	287	1.581	0.661	3.358	0.000785933414906992	0.0141283680620061	0.0057	0.0352	0.023	0.023	TRUE	NA
FBgn0031245	288	93	128	175	495	206	145	145	182	245	252	252	203.74	157	250	1.588	0.668	3.355	0.000792711865538897	0.0142199015709754	0	0.0381	0.0228	0.0228	TRUE	NA
FBgn0037213	848	324	285	451	1206	594	427	506	406	631	615	728	552.23	446	658	1.472	0.558	3.352	0.000802787918350066	0.014339629109342	0.01	0.0242	0.0179	0.0179	TRUE	NA
FBgn0035539	28	3	5	23	53	39	14	5	7	32	27	48	22.15	9	36	4.135	2.048	3.35	0.000807745468171859	0.0143976787360612	0.135	0.219	0.1884	0.1884	TRUE	NA
FBgn0035523	79	10	23	65	180	41	40	16	33	91	92	50	53.52	30	78	2.685	1.425	3.349	0.000809643342790867	0.0144010612301051	0.1089	0.1001	0.1032	0.1032	TRUE	NA
FBgn0032421	202	88	119	143	429	210	102	138	170	200	219	257	180.83	137	225	1.674	0.744	3.347	0.000815967585711208	0.0144222698430423	0.0121	0.0409	0.029	0.029	TRUE	NA
FBgn0035173	792	312	266	443	1192	506	399	488	379	620	608	620	518.86	422	616	1.463	0.549	3.348	0.000814347079295715	0.0144222698430423	0.0076	0.0247	0.0171	0.0171	TRUE	NA
FBgn0051460	377	99	150	203	674	233	190	155	214	284	344	286	245.26	186	305	1.633	0.708	3.342	0.000831847840100448	0.0146415639663609	0.0174	0.0344	0.0276	0.0276	TRUE	NA
FBgn0029975	4498	1441	1888	2418	6174	2673	2265	2252	2690	3382	3148	3276	2835.71	2402	3269	1.361	0.445	3.339	0.000841498466277582	0.0147805699358048	0.0071	0.0177	0.0124	0.0124	TRUE	NA
FBgn0036560	18	4	5	14	74	32	9	6	7	20	38	39	19.83	7	32	3.97	1.989	3.331	0.000865057074748803	0.0150922796471933	0.0471	0.2428	0.1714	0.1714	TRUE	NA
FBgn0039178	20	5	4	32	49	17	10	8	6	45	25	21	19.03	8	30	3.83	1.937	3.329	0.000873044126296301	0.0151751588257944	0	0.2524	0.1491	0.1491	TRUE	NA
FBgn0261444	1212	457	372	681	1669	747	610	714	530	952	851	916	762.31	618	906	1.466	0.552	3.328	0.000874763039892787	0.0151751588257944	0.0148	0.022	0.0183	0.0183	TRUE	NA
FBgn0035113	194	60	66	117	296	135	98	94	94	164	151	165	127.6	95	160	1.678	0.746	3.312	0.000926937263946069	0.0158841627486368	0	0.0513	0.0273	0.0273	TRUE	NA
FBgn0038545	127	26	41	70	278	85	64	41	58	98	142	104	84.48	54	115	2.098	1.069	3.291	0.000999408408857529	0.0170567050507648	0.0485	0.0693	0.0612	0.0612	TRUE	NA
FBgn0030305	816	259	329	492	1178	464	411	405	469	688	601	569	523.69	428	619	1.446	0.532	3.288	0.00101021005557681	0.0171715342309841	0.0076	0.0247	0.0167	0.0167	TRUE	NA
FBgn0263118	680	201	212	318	928	374	342	314	302	445	473	458	389.18	319	459	1.435	0.521	3.28	0.00103662946748191	0.0175851570228169	0	0.0276	0.0153	0.0153	TRUE	NA
FBgn0264305	1879	731	694	955	2737	1139	946	1142	989	1336	1396	1396	1200.86	1026	1376	1.344	0.426	3.266	0.00109156822469649	0.0183692848351619	0.0021	0.0198	0.0113	0.0113	TRUE	NA
FBgn0026150	1539	547	607	811	2124	919	775	855	865	1134	1083	1126	973.12	832	1114	1.342	0.425	3.263	0.00110302814372534	0.0184883305760404	0	0.0207	0.011	0.011	TRUE	NA
FBgn0034029	855	256	322	405	1291	491	431	400	459	566	658	602	519.36	430	609	1.414	0.5	3.256	0.0011300041219776	0.0188654747572141	0.0033	0.0247	0.0148	0.0148	TRUE	NA
FBgn0033268	112	40	52	86	202	120	56	63	74	120	103	147	93.9	64	123	1.918	0.939	3.251	0.0011493517706271	0.0191065941060911	0.0239	0.064	0.047	0.047	TRUE	NA
FBgn0261109	441	200	227	334	801	366	222	313	323	467	408	449	363.72	286	441	1.565	0.646	3.251	0.00115124538084382	0.0191065941060911	0.0212	0.0284	0.0253	0.0253	TRUE	NA
FBgn0265274	69	17	26	50	140	59	35	27	37	70	71	72	52	33	71	2.16	1.111	3.249	0.00115834631910604	0.01918667547423	0	0.1025	0.0598	0.0598	TRUE	NA
FBgn0261989	11	6	3	17	74	17	6	9	4	24	38	21	16.92	6	28	4.356	2.123	3.243	0.00118311884707837	0.0195585784308191	0	0.2817	0.203	0.203	TRUE	NA
FBgn0265140	9365	3139	3034	4403	11381	4970	4717	4906	4323	6158	5804	6092	5333.2	4649	6018	1.294	0.372	3.228	0.00124647868944159	0.0205255113880509	0.0027	0.0169	0.0094	0.0094	TRUE	NA
FBgn0085354	226	62	98	142	351	186	114	97	140	199	179	228	159.32	117	202	1.72	0.783	3.225	0.00126038940212002	0.0207141190044326	0.0205	0.0443	0.035	0.035	TRUE	NA
FBgn0250906	3552	1568	1773	2585	5518	2995	1789	2450	2526	3616	2814	3671	2811.03	2255	3367	1.508	0.592	3.21	0.00132669292773653	0.0216351026571502	0.029	0.0177	0.0241	0.0241	TRUE	NA
FBgn0259741	34	13	12	35	102	32	17	20	17	49	52	39	32.45	18	47	2.604	1.381	3.196	0.00139166716471542	0.0226037561129655	0	0.1546	0.0921	0.0921	TRUE	NA
FBgn0086357	7335	2676	3175	4144	9958	4843	3694	4182	4524	5796	5078	5936	4868.42	4133	5603	1.359	0.443	3.195	0.00140052294286075	0.0226213336683456	0.0092	0.017	0.0136	0.0136	TRUE	NA
FBgn0013997	3149	1141	1084	1651	4567	1646	1586	1783	1545	2309	2329	2017	1928.23	1638	2218	1.356	0.439	3.192	0.00141311248281373	0.0227365483637454	0.0073	0.0184	0.013	0.013	TRUE	NA
FBgn0003884	50776	22647	26101	40342	77384	46038	25574	35393	37191	56425	39461	56428	41745.38	32719	50771	1.566	0.647	3.184	0.00145264281113992	0.0232837101534614	0.0464	0.0162	0.0297	0.0297	TRUE	NA
FBgn0032956	5394	1342	1413	2317	8674	2385	2717	2097	2013	3241	4423	2923	2902.43	2276	3529	1.562	0.644	3.174	0.00150322848609358	0.0238676447575423	0.0479	0.0176	0.0292	0.0292	TRUE	NA
FBgn0010786	6159	2389	2555	3724	8325	4118	3102	3734	3641	5209	4245	5047	4162.91	3492	4834	1.387	0.472	3.169	0.00152744777431205	0.024161186088602	0.0134	0.0171	0.0157	0.0157	TRUE	NA
FBgn0021795	3446	1200	1492	1931	4675	2226	1736	1875	2126	2701	2384	2728	2258.35	1912	2604	1.364	0.448	3.168	0.00153515600360143	0.0242376409482465	0.0088	0.0181	0.0139	0.0139	TRUE	NA
FBgn0038261	22	15	9	40	68	39	11	23	13	56	35	48	30.96	16	46	3.013	1.591	3.159	0.00158103117899072	0.0248687945337141	0.0899	0.1613	0.1342	0.1342	TRUE	NA
FBgn0036688	493	186	237	374	732	423	248	291	338	523	373	518	381.92	292	471	1.618	0.694	3.156	0.00160103917346643	0.0251366131685204	0.0371	0.0278	0.0318	0.0318	TRUE	NA
FBgn0023477	2535	1012	1180	1649	3653	1937	1277	1582	1681	2306	1863	2374	1847.18	1513	2181	1.449	0.535	3.155	0.00160474257239404	0.0251479268175727	0.0195	0.0185	0.0201	0.0201	TRUE	NA
FBgn0032026	4135	1543	1596	2153	5733	2334	2083	2411	2274	3011	2923	2861	2593.96	2256	2932	1.302	0.381	3.153	0.00161534293920043	0.0252670803717974	0.003	0.0178	0.0101	0.0101	TRUE	NA
FBgn0040308	1269	375	475	597	1779	689	639	586	677	835	907	844	748.12	634	862	1.36	0.443	3.141	0.00168578012704331	0.0262713719983404	0.0024	0.0221	0.0128	0.0128	TRUE	NA
FBgn0031688	42	5	16	40	116	30	21	8	23	56	59	37	33.94	17	51	2.944	1.558	3.136	0.00171318556504127	0.0266001243072983	0.1013	0.1485	0.1341	0.1341	TRUE	NA
FBgn0001197	6321	1833	2252	2823	7725	3250	3184	2865	3209	3948	3939	3983	3521.39	3086	3957	1.282	0.359	3.126	0.00177017191125099	0.0273840722637744	0.0018	0.0173	0.0092	0.0092	TRUE	NA
FBgn0037240	3383	973	938	1420	4558	1638	1704	1521	1337	1986	2324	2008	1813.19	1521	2106	1.389	0.474	3.102	0.00192447083587177	0.0295003883949726	0.0126	0.0185	0.0162	0.0162	TRUE	NA
FBgn0001223	399	170	196	269	640	383	201	266	279	376	326	469	319.66	249	390	1.583	0.662	3.101	0.0019318504696509	0.0295062161406282	0.0281	0.0301	0.0292	0.0292	TRUE	NA
FBgn0035091	774	188	255	358	1102	390	390	294	363	501	562	478	431.28	349	514	1.475	0.561	3.101	0.00193147824927991	0.0295062161406282	0.0136	0.0265	0.0209	0.0209	TRUE	NA
FBgn0030433	652	251	324	416	1078	467	328	392	462	582	550	572	481.05	394	568	1.453	0.539	3.096	0.00196183898497461	0.0298560730727814	0.0121	0.0254	0.0195	0.0195	TRUE	NA
FBgn0053558	5668	1827	1709	2815	6364	2912	2855	2855	2435	3937	3245	3569	3149.48	2715	3584	1.318	0.398	3.095	0.00196587220422369	0.0298635469438017	0.0063	0.0175	0.0116	0.0116	TRUE	NA
FBgn0034259	1558	486	608	725	2091	929	785	760	866	1014	1066	1139	938.26	804	1073	1.333	0.415	3.093	0.00197811420951274	0.0299954692453272	0.0019	0.0209	0.0118	0.0118	TRUE	NA
FBgn0040070	6583	1946	2534	3049	8494	3565	3316	3041	3611	4265	4331	4370	3822.18	3323	4322	1.301	0.379	3.074	0.00210929716978143	0.0316996157547723	0.0044	0.0172	0.0107	0.0107	TRUE	NA
FBgn0264895	536	138	134	228	787	279	270	216	191	319	401	342	289.79	226	354	1.576	0.657	3.071	0.00213428393288454	0.0320180566515117	0.0253	0.0316	0.0289	0.0289	TRUE	NA
FBgn0031738	2058	648	609	918	2852	1023	1037	1013	868	1284	1454	1254	1151.53	973	1331	1.37	0.454	3.064	0.0021875848732927	0.0327593748965023	0.0092	0.02	0.0149	0.0149	TRUE	NA
FBgn0037607	7522	3030	3393	5200	10175	5962	3789	4735	4835	7273	5189	7308	5521.29	4453	6590	1.484	0.57	3.06	0.00221358861954774	0.0330900100202251	0.0336	0.0169	0.0248	0.0248	TRUE	NA
FBgn0037028	562	141	189	244	783	363	283	220	269	341	399	445	326.37	257	395	1.523	0.607	3.053	0.00226655761085339	0.0336432169315228	0.0193	0.0298	0.025	0.025	TRUE	NA
FBgn0039651	84	44	35	84	181	82	42	69	50	117	92	101	78.54	54	103	1.96	0.971	3.053	0.00226587548158136	0.0336432169315228	0.0312	0.0733	0.057	0.057	TRUE	NA
FBgn0030662	1296	514	517	787	1749	926	653	803	737	1101	892	1135	886.72	731	1043	1.429	0.515	3.049	0.00229393316058722	0.033930088555984	0.0171	0.0211	0.0193	0.0193	TRUE	NA
FBgn0030456	1108	392	409	582	1456	654	558	613	583	814	742	802	685.26	585	786	1.345	0.428	3.042	0.00234958451400768	0.0345110575567923	0.0019	0.0226	0.0126	0.0126	TRUE	NA
FBgn0051909	2	3	0	15	86	2	1	5	0	21	44	2	12.16	2	22	13.161	3.718	3.038	0.00238327985080068	0.0347637239136687	1.5399	0.3857	0.7453	0.7453	TRUE	NA
FBgn0052056	1675	678	771	1020	2389	1344	844	1060	1099	1427	1218	1647	1215.67	1001	1431	1.438	0.524	3.038	0.00238065435703118	0.0347637239136687	0.0214	0.0198	0.0205	0.0205	TRUE	NA
FBgn0031148	3839	1452	1836	2606	5201	3262	1934	2269	2616	3645	2652	3998	2852.36	2273	3432	1.517	0.601	3.035	0.00240749655589545	0.034995868039232	0.0391	0.0176	0.0278	0.0278	TRUE	NA
FBgn0261842	61	20	43	62	143	92	31	31	61	87	73	113	65.94	41	91	2.237	1.162	3.034	0.00241367344431472	0.0350252681738682	0.0887	0.0843	0.0859	0.0859	TRUE	NA
FBgn0039538	148	52	48	92	220	134	75	81	68	129	112	164	104.88	75	135	1.794	0.843	3.031	0.00243571697819095	0.0352669471796238	0.0245	0.0589	0.0442	0.0442	TRUE	NA
FBgn0262081	13232	4794	4434	6637	16854	7137	6665	7492	6318	9283	8594	8748	7849.96	6825	8875	1.3	0.379	3.031	0.00243869412948887	0.0352669471796238	0.0062	0.0166	0.0111	0.0111	TRUE	NA
FBgn0041629	16938	7612	8754	12986	25541	15029	8531	11896	12474	18163	13024	18421	13751.49	10967	16536	1.524	0.607	3.027	0.00246901115175954	0.0355225819462196	0.0432	0.0164	0.0289	0.0289	TRUE	NA
FBgn0085736	247	235	194	213	841	361	124	367	276	298	429	442	322.89	256	390	1.631	0.706	3.023	0.00250419718243994	0.0359251140587081	0.0438	0.03	0.0355	0.0355	TRUE	NA
FBgn0034249	870	255	362	491	1141	556	438	399	516	687	582	681	550.43	451	650	1.44	0.526	3.018	0.0025443130163274	0.03623497135246	0.014	0.0242	0.0198	0.0198	TRUE	NA
FBgn0002543	1431	637	536	909	2178	955	721	996	764	1271	1111	1171	1005.43	827	1184	1.438	0.524	3.011	0.00260050087160778	0.0367424145829526	0.0216	0.0205	0.0207	0.0207	TRUE	NA
FBgn0063494	2846	797	1008	1239	4012	1449	1433	1246	1436	1733	2046	1776	1611.69	1372	1852	1.349	0.432	3.011	0.00260173425525118	0.0367424145829526	0.0088	0.0189	0.0141	0.0141	TRUE	NA
FBgn0264343	56	9	8	29	222	29	28	14	11	41	113	36	40.5	18	63	3.588	1.843	3.003	0.00267101045021468	0.0376576740898996	0.3898	0.1271	0.2312	0.2312	TRUE	NA
FBgn0034013	2508	956	927	1374	3251	1558	1263	1494	1321	1922	1658	1910	1594.55	1359	1830	1.347	0.43	3	0.00270189674381412	0.0379661524118281	0.0083	0.0189	0.0141	0.0141	TRUE	NA
FBgn0259935	82	32	23	61	175	58	41	50	33	85	89	71	61.62	41	82	1.996	0.997	3	0.00269926352890531	0.0379661524118281	0.0072	0.089	0.0594	0.0594	TRUE	NA
FBgn0031816	247	92	109	176	369	203	124	144	155	246	188	249	184.44	141	228	1.615	0.692	2.991	0.0027811640586774	0.0388211824150814	0.0217	0.0404	0.0322	0.0322	TRUE	NA
FBgn0261555	161	49	47	94	247	97	81	77	67	131	126	119	100.16	75	125	1.678	0.747	2.985	0.00283342753848524	0.0394853348379654	0	0.061	0.0333	0.0333	TRUE	NA
FBgn0034950	142	51	49	85	248	102	72	80	70	119	126	125	98.57	74	123	1.677	0.746	2.983	0.00285863920518466	0.0396401104258419	0	0.0617	0.0331	0.0331	TRUE	NA
FBgn0033205	2733	920	1146	1361	4076	1504	1377	1438	1633	1904	2079	1843	1712.13	1483	1942	1.312	0.392	2.973	0.00294663233557555	0.0406596681198649	0.005	0.0187	0.0119	0.0119	TRUE	NA
FBgn0014163	7497	2305	2299	3066	10447	3804	3776	3602	3276	4288	5327	4663	4155.37	3551	4759	1.338	0.42	2.97	0.00297707616175531	0.0408790376543306	0.0118	0.0172	0.0142	0.0142	TRUE	NA
FBgn0264743	2359	892	946	1172	3354	1361	1188	1394	1348	1639	1710	1668	1491.31	1310	1672	1.28	0.356	2.955	0.00312586650781221	0.0426443050604607	0	0.0191	0.0097	0.0097	TRUE	NA
FBgn0000928	933	398	407	621	1385	667	470	622	580	869	706	818	677.37	557	798	1.438	0.525	2.954	0.00313776636500856	0.0426685616506245	0.019	0.0227	0.021	0.021	TRUE	NA
FBgn0039788	18	2	8	20	69	19	9	3	11	28	35	23	18.34	8	29	3.632	1.861	2.953	0.00315051035242954	0.0427728708234034	0.0531	0.2612	0.1978	0.1978	TRUE	NA
FBgn0002567	63	23	26	53	118	63	32	36	37	74	60	77	52.71	35	70	2.022	1.016	2.95	0.00317714576219576	0.0429781621980389	0	0.1014	0.0616	0.0616	TRUE	NA
FBgn0035932	42	5	17	39	86	36	21	8	24	55	44	44	32.62	18	48	2.665	1.414	2.95	0.0031809243519839	0.0429781621980389	0	0.1539	0.1218	0.1218	TRUE	NA
FBgn0033924	747	203	226	337	929	369	376	317	322	471	474	452	402.15	338	466	1.378	0.463	2.942	0.00325892993123497	0.0437516532647167	0	0.0272	0.015	0.015	TRUE	NA
FBgn0039644	1845	618	670	875	2422	968	929	966	955	1224	1235	1186	1082.52	950	1215	1.28	0.356	2.942	0.00325742653823862	0.0437516532647167	0	0.0202	0.0095	0.0095	TRUE	NA
FBgn0020391	327	122	145	227	507	223	165	191	207	317	259	273	235.22	188	283	1.517	0.601	2.933	0.00336209271274854	0.0449933391447348	0.0126	0.0352	0.0253	0.0253	TRUE	NA
FBgn0029970	228	70	70	113	336	151	115	109	100	158	171	185	139.74	108	171	1.579	0.659	2.93	0.00338545491119259	0.0452341843997856	0	0.0482	0.0282	0.0282	TRUE	NA
FBgn0052436	572	252	212	363	938	365	288	394	302	508	478	447	402.9	328	478	1.466	0.552	2.924	0.00345829967492366	0.0460614921947573	0.0168	0.0272	0.0228	0.0228	TRUE	NA
FBgn0261244	2565	822	895	1214	3110	1294	1292	1285	1275	1698	1586	1586	1453.62	1284	1623	1.264	0.338	2.923	0.00347094208150804	0.0461569600775935	0	0.0192	0.0089	0.0089	TRUE	NA
FBgn0052803	503	155	212	249	755	332	253	242	302	348	385	407	322.98	266	380	1.425	0.511	2.921	0.00348816388566001	0.0463129286929126	0.0016	0.03	0.0185	0.0185	TRUE	NA
FBgn0035165	7478	2214	2610	3100	9726	3819	3766	3460	3719	4336	4960	4681	4153.64	3648	4659	1.276	0.351	2.918	0.00352814425077913	0.0467701009093064	0.0039	0.0172	0.0102	0.0102	TRUE	NA
FBgn0285925	623	203	198	307	834	329	314	317	282	429	425	403	361.85	304	419	1.379	0.464	2.908	0.00363706979316694	0.0479876923727551	0	0.0285	0.0152	0.0152	TRUE	NA
FBgn0031538	287	116	149	216	456	269	145	181	212	302	233	330	233.75	179	288	1.619	0.695	2.902	0.00370973754941974	0.0488699957486842	0.0377	0.0353	0.0363	0.0363	TRUE	NA
FBgn0035203	1165	459	538	716	1636	905	587	717	767	1001	834	1109	835.94	690	981	1.429	0.515	2.899	0.00374900515391431	0.0492334306116068	0.0214	0.0214	0.0214	0.0214	TRUE	NA
FBgn0001122	2180	501	457	837	3309	939	1098	783	651	1171	1687	1151	1090.19	844	1336	1.611	0.688	2.897	0.00376926738723925	0.0492494370235078	0.0715	0.0202	0.0396	0.0396	TRUE	NA
FBgn0037896	107	41	35	69	188	85	54	64	50	97	96	104	77.4	56	99	1.767	0.821	2.896	0.00377358988461464	0.0492494370235078	0	0.0742	0.0425	0.0425	TRUE	NA
FBgn0250837	3308	1158	1532	2042	4539	2187	1666	1810	2183	2856	2315	2681	2251.68	1886	2617	1.389	0.475	2.893	0.00381786674339445	0.0497502851832436	0.0201	0.0181	0.0189	0.0189	TRUE	NA
FBgn0035167	107	55	51	80	211	127	54	86	73	112	108	156	97.94	71	125	1.782	0.833	2.89	0.0038485672149103	0.0499999244650363	0.0281	0.062	0.0476	0.0476	TRUE	NA
