Id	Ctrl1	Ctrl3	Ctrl4	RNAi1	RNAi3	RNAi4	norm.Ctrl1	norm.Ctrl3	norm.Ctrl4	norm.RNAi1	norm.RNAi3	norm.RNAi4	baseMean	Untreated	RNAi	FoldChange	log2FoldChange	stat	pvalue	padj	dispGeneEst	dispFit	dispMAP	dispersion	betaConv	maxCooks
FBgn0003360	14882	3935	4763	576	1492	640	7496	6150	6787	806	761	784	3797.15	6811	784	0.115	-3.116	-25.881	1.09477030211764e-147	9.23000841715386e-144	0.0028	0.0173	0.0097	0.0097	TRUE	NA
FBgn0039155	2490	751	893	37	81	54	1254	1174	1272	52	41	66	643.25	1233	53	0.042	-4.579	-21.986	3.88858526535246e-107	1.63923311860933e-103	0.0159	0.0231	0.0213	0.0213	TRUE	NA
FBgn0029167	10401	3816	3822	937	2347	924	5239	5964	5446	1311	1197	1133	3381.36	5550	1214	0.218	-2.194	-16.872	7.28036771518823e-64	1.5345195051688e-60	0.0059	0.0174	0.0117	0.0117	TRUE	NA
FBgn0039827	767	320	331	14	46	28	386	500	472	20	23	34	239.24	453	26	0.055	-4.177	-16.434	1.09234385674618e-60	1.84191021124541e-57	0.0052	0.0349	0.0259	0.0259	TRUE	NA
FBgn0035085	1895	671	787	133	314	150	954	1049	1121	186	160	184	609.08	1041	177	0.169	-2.568	-15.697	1.58971125360536e-55	2.23380926319113e-52	0.0065	0.0235	0.0158	0.0158	TRUE	NA
FBgn0029896	1627	531	501	100	302	116	819	830	714	140	154	142	466.54	788	145	0.185	-2.431	-14.413	4.27455216700225e-47	5.14839275999943e-44	0.0046	0.0257	0.0163	0.0163	TRUE	NA
FBgn0034897	2877	964	982	274	725	263	1449	1507	1399	383	370	322	905.02	1452	358	0.247	-2.016	-14.225	6.4503088051312e-46	6.79781919200764e-43	0.0022	0.021	0.0126	0.0126	TRUE	NA
FBgn0034736	712	282	257	25	51	28	359	441	366	35	26	34	210.14	389	32	0.08	-3.652	-14.195	9.82104475407769e-46	9.200136480181e-43	0.0182	0.0375	0.0303	0.0303	TRUE	NA
FBgn0023479	9584	3082	2984	1145	3053	1175	4827	4817	4252	1601	1557	1440	3082.35	4632	1533	0.331	-1.595	-13.173	1.2527692787385e-39	9.60190708094932e-37	0.0036	0.0175	0.0101	0.0101	TRUE	NA
FBgn0038832	853	252	289	52	129	65	430	394	412	73	66	80	242.24	412	73	0.175	-2.514	-12.567	3.19463498409229e-36	2.24449729590684e-33	0	0.0346	0.0205	0.0205	TRUE	NA
FBgn0036821	1441	498	457	112	382	147	726	778	651	157	195	180	447.81	718	177	0.247	-2.017	-11.533	8.9871767014132e-31	5.82852975150882e-28	0.0083	0.0261	0.0183	0.0183	TRUE	NA
FBgn0264753	351	131	146	11	42	19	177	205	208	15	21	23	108.27	197	20	0.102	-3.299	-11.163	6.18556736922486e-29	3.25940740562093e-26	0.0024	0.0576	0.0356	0.0356	TRUE	NA
FBgn0036985	6756	1661	1732	769	1965	825	3403	2596	2468	1076	1002	1011	1925.88	2822	1030	0.368	-1.441	-10.824	2.63926578931588e-27	1.23620277054012e-24	0.0056	0.0184	0.0121	0.0121	TRUE	NA
FBgn0027279	8234	2595	2639	1242	3505	1379	4147	4056	3760	1737	1787	1690	2862.95	3988	1738	0.436	-1.197	-10.438	1.66292721072714e-25	7.37902069138977e-23	0.0019	0.0176	0.009	0.009	TRUE	NA
FBgn0026562	102439	47109	59862	10108	18039	12172	51595	73623	85297	14138	9199	14919	41461.69	70172	12752	0.185	-2.438	-10.386	2.85662114777814e-25	1.20420864484587e-22	0.0787	0.0162	0.0397	0.0397	TRUE	NA
FBgn0037754	871	233	223	54	170	61	439	364	318	76	87	75	226.26	374	79	0.215	-2.216	-10.129	4.10059054914641e-24	1.64628947237397e-21	0.0136	0.0359	0.0266	0.0266	TRUE	NA
FBgn0000406	787	261	385	60	167	97	396	408	549	84	85	119	273.47	451	96	0.211	-2.248	-9.873	5.42500556727323e-23	1.94276023612039e-20	0.0278	0.0325	0.0306	0.0306	TRUE	NA
FBgn0040091	2714	899	1211	388	1002	416	1367	1405	1726	543	511	510	1010.16	1499	521	0.348	-1.523	-9.872	5.53033396594583e-23	1.94276023612039e-20	0.0104	0.0205	0.0158	0.0158	TRUE	NA
FBgn0030041	288	93	117	10	41	15	145	145	167	14	21	18	85.06	152	18	0.118	-3.08	-9.54	1.42533590044837e-21	4.45074332469637e-19	0	0.0689	0.0442	0.0442	TRUE	NA
FBgn0034010	1604	488	610	205	634	226	808	763	869	287	323	277	554.46	813	296	0.365	-1.455	-9.271	1.84220006748679e-20	5.54699598892183e-18	0.0047	0.0242	0.0153	0.0153	TRUE	NA
FBgn0039419	4979	1572	1589	743	2245	850	2508	2457	2264	1039	1145	1042	1742.42	2410	1075	0.447	-1.162	-9.159	5.24033755213273e-20	1.52349261731142e-17	0.0036	0.0186	0.0109	0.0109	TRUE	NA
FBgn0259715	2277	879	1073	294	492	283	1147	1374	1529	411	251	347	843.07	1350	336	0.247	-2.019	-9.148	5.81513185948866e-20	1.63424589024496e-17	0.0508	0.0214	0.0331	0.0331	TRUE	NA
FBgn0024288	202	73	73	6	7	4	102	114	104	8	4	5	56.12	107	6	0.048	-4.374	-8.944	3.76588663791953e-19	9.62126977099986e-17	0.031	0.0962	0.0754	0.0754	TRUE	NA
FBgn0033913	13209	4465	4508	2328	5371	2614	6653	6978	6423	3256	2739	3204	4875.54	6685	3066	0.458	-1.126	-8.845	9.1540632530261e-19	2.26993844959597e-16	0.0054	0.017	0.0114	0.0114	TRUE	NA
FBgn0052407	574	170	189	38	152	49	289	266	269	53	78	60	169.13	275	64	0.234	-2.093	-8.746	2.21781623399484e-18	5.34240247680301e-16	0.0131	0.0427	0.0313	0.0313	TRUE	NA
FBgn0016715	489	144	169	42	85	50	246	225	241	59	43	61	145.92	237	54	0.225	-2.151	-8.73	2.53827776560233e-18	5.80454226391829e-16	0	0.0469	0.0319	0.0319	TRUE	NA
FBgn0040099	3002	785	942	221	952	268	1512	1227	1342	309	485	328	867.35	1360	374	0.276	-1.86	-8.719	2.79537949365971e-18	6.20206434501186e-16	0.0455	0.0213	0.031	0.031	TRUE	NA
FBgn0001137	1154	377	462	158	492	207	581	589	658	221	251	254	425.72	609	242	0.396	-1.336	-8.578	9.664203989852e-18	2.03697259596105e-15	0	0.0266	0.0144	0.0144	TRUE	NA
FBgn0085359	266	48	85	2	11	1	134	75	121	3	6	1	56.62	110	3	0.035	-4.847	-8.468	2.50436250042857e-17	5.14982444905202e-15	0.1505	0.0955	0.1073	0.1073	TRUE	NA
FBgn0039109	1226	413	417	169	505	218	617	645	594	236	258	267	436.37	619	254	0.409	-1.289	-8.345	7.14393604950222e-17	1.43406011507984e-14	0	0.0264	0.0142	0.0142	TRUE	NA
FBgn0261596	46352	12878	17184	7650	18532	8921	23346	20126	24485	10700	9450	10934	16506.92	22652	10361	0.457	-1.129	-8.338	7.53686536166847e-17	1.47775143870295e-14	0.0099	0.0163	0.0131	0.0131	TRUE	NA
FBgn0023549	632	217	238	79	177	91	318	339	339	110	90	112	218.14	332	104	0.31	-1.687	-8.268	1.36159504730247e-16	2.60900178268344e-14	0	0.0367	0.0233	0.0233	TRUE	NA
FBgn0036576	5973	1958	1716	873	2212	1067	3008	3060	2445	1221	1128	1308	2028.39	2838	1219	0.43	-1.219	-8.171	3.05055051599193e-16	5.5911285652887e-14	0.0135	0.0183	0.0154	0.0154	TRUE	NA
FBgn0032004	2019	725	867	359	1117	459	1017	1133	1235	502	570	563	836.61	1128	545	0.483	-1.049	-8.044	8.67561519169947e-16	1.55625769534507e-13	3e-04	0.0214	0.0108	0.0108	TRUE	NA
FBgn0024315	247	89	94	15	48	23	124	139	134	21	24	28	78.51	132	24	0.184	-2.444	-8	1.24095689564607e-15	2.17968908066501e-13	0	0.0733	0.0425	0.0425	TRUE	NA
FBgn0063649	1712	598	525	247	717	279	862	935	748	345	366	342	599.66	848	351	0.414	-1.271	-7.955	1.79817410273119e-15	3.03208117202533e-13	0.0078	0.0236	0.0162	0.0162	TRUE	NA
FBgn0261584	482	140	152	42	133	39	243	219	217	59	68	48	142.09	226	58	0.262	-1.934	-7.861	3.81394954646483e-15	6.18373242812404e-13	0.0052	0.0477	0.0325	0.0325	TRUE	NA
FBgn0261552	22518	5916	5184	1604	6734	1703	11342	9246	7387	2243	3434	2087	5956.42	9325	2588	0.28	-1.837	-7.831	4.83084420794403e-15	7.68468821078794e-13	0.0767	0.0168	0.0394	0.0394	TRUE	NA
FBgn0261015	5147	1605	1511	885	2335	1008	2592	2508	2153	1238	1191	1235	1819.62	2418	1221	0.506	-0.984	-7.618	2.58262784866706e-14	3.88823846287713e-12	0.0043	0.0185	0.0114	0.0114	TRUE	NA
FBgn0040827	723	189	192	44	192	57	364	295	274	62	98	70	193.74	311	77	0.25	-2	-7.575	3.58912968928415e-14	5.21723317419908e-12	0.046	0.0393	0.0419	0.0419	TRUE	NA
FBgn0050147	2422	792	900	449	1190	546	1220	1238	1282	628	607	669	940.68	1247	635	0.508	-0.976	-7.538	4.75426731045484e-14	6.79376740583809e-12	0	0.0208	0.0108	0.0108	TRUE	NA
FBgn0261800	94096	30264	31346	20061	53731	20917	47393	47297	44665	28058	27399	25638	36741.73	46452	27032	0.582	-0.781	-7.476	7.66498433405305e-14	1.07705804867335e-11	0.0012	0.0162	0.0078	0.0078	TRUE	NA
FBgn0034389	390	127	103	25	88	37	196	198	147	35	45	45	111.14	180	42	0.232	-2.106	-7.43	1.08260386723041e-13	1.49630052534747e-11	0.021	0.0565	0.0427	0.0427	TRUE	NA
FBgn0265512	252	80	81	16	53	17	127	125	115	22	27	21	72.93	122	23	0.195	-2.359	-7.398	1.38482574872428e-13	1.88313965927329e-11	0	0.0777	0.0478	0.0478	TRUE	NA
FBgn0031703	273	93	106	25	73	28	138	145	151	35	37	34	90.07	145	35	0.246	-2.021	-7.335	2.22413140285008e-13	2.97645267578239e-11	0	0.066	0.0366	0.0366	TRUE	NA
FBgn0035542	1785	591	516	258	762	330	899	924	735	361	389	404	618.64	853	385	0.451	-1.149	-6.98	2.95537328342216e-12	3.50940171162426e-10	0.0096	0.0233	0.0175	0.0175	TRUE	NA
FBgn0283658	3020	1219	1308	599	1361	719	1521	1905	1864	838	694	881	1283.83	1763	804	0.457	-1.129	-6.94	3.90874182757462e-12	4.577028103928e-10	0.0171	0.0196	0.0181	0.0181	TRUE	NA
FBgn0052521	7543	2803	2702	1629	3964	1766	3799	4381	3850	2278	2021	2165	3082.36	4010	2155	0.537	-0.897	-6.887	5.70571147800232e-12	6.50065587446453e-10	0.0068	0.0175	0.0118	0.0118	TRUE	NA
FBgn0039257	1641	475	476	247	694	309	827	742	678	345	354	379	554.2	749	359	0.48	-1.058	-6.811	9.69457890451909e-12	1.0754604571579e-09	0.0046	0.0242	0.0152	0.0152	TRUE	NA
FBgn0036684	2599	852	820	498	1349	556	1309	1332	1168	697	688	681	979.15	1270	689	0.543	-0.882	-6.699	2.09272973908031e-11	2.29140317275144e-09	0.0018	0.0207	0.0113	0.0113	TRUE	NA
FBgn0037239	1886	603	712	385	976	421	950	942	1015	538	498	516	743.17	969	517	0.533	-0.907	-6.685	2.30803464973786e-11	2.46545174111534e-09	0	0.0221	0.0117	0.0117	TRUE	NA
FBgn0262057	1981	566	664	319	1005	394	998	885	946	446	512	483	711.67	943	480	0.51	-0.971	-6.653	2.88055615479105e-11	3.03574611763041e-09	0.0041	0.0224	0.0137	0.0137	TRUE	NA
FBgn0031449	2310	789	824	463	1188	558	1163	1233	1174	648	606	684	917.99	1190	646	0.542	-0.884	-6.636	3.22098341641186e-11	3.31172087606932e-09	0.0018	0.021	0.0115	0.0115	TRUE	NA
FBgn0031359	1680	569	572	330	879	369	846	889	815	462	448	452	652.09	850	454	0.534	-0.905	-6.627	3.41623794129284e-11	3.47015687747470e-09	0	0.023	0.0116	0.0116	TRUE	NA
FBgn0040388	3504	1183	1095	680	1864	744	1765	1849	1560	951	951	912	1331.24	1725	938	0.544	-0.878	-6.592	4.33523785513783e-11	4.35123694722227e-09	0.0042	0.0194	0.0119	0.0119	TRUE	NA
FBgn0063498	812	271	263	100	377	136	409	424	375	140	192	167	284.34	403	166	0.413	-1.275	-6.553	5.63422970023758e-11	5.52351053519802e-09	0.0101	0.0319	0.0228	0.0228	TRUE	NA
FBgn0263873	2187	778	701	429	1071	393	1102	1216	999	600	546	482	824.02	1106	543	0.491	-1.028	-6.538	6.21721070892704e-11	5.95651175988226e-09	0.0102	0.0215	0.0163	0.0163	TRUE	NA
FBgn0031322	1036	346	438	137	303	215	522	541	624	192	155	264	382.71	562	204	0.359	-1.479	-6.398	1.57570136022388e-10	1.42846646968253e-08	0.0456	0.0278	0.0349	0.0349	TRUE	NA
FBgn0051337	2497	732	1014	410	1106	574	1258	1144	1445	573	564	704	947.91	1282	614	0.477	-1.068	-6.392	1.63805184615704e-10	1.46919309733511e-08	0.0148	0.0208	0.0188	0.0188	TRUE	NA
FBgn0053307	3608	742	989	301	1277	374	1817	1160	1409	421	651	458	986.11	1462	510	0.353	-1.504	-6.385	1.71581556529233e-10	1.52274116115575e-08	0.067	0.0206	0.0386	0.0386	TRUE	NA
FBgn0043841	38255	11103	13900	7743	21948	9576	19268	17352	19806	10830	11192	11737	15030.8	18809	11253	0.598	-0.741	-6.3	2.97994761992394e-10	2.59009674057513e-08	0.0041	0.0164	0.0099	0.0099	TRUE	NA
FBgn0029801	4096	1221	1193	735	1958	900	2063	1908	1700	1028	998	1103	1466.78	1890	1043	0.552	-0.856	-6.296	3.05115841488466e-10	2.624930264887e-08	0.0056	0.0191	0.0125	0.0125	TRUE	NA
FBgn0033782	485	155	181	59	145	90	244	242	258	83	74	110	168.53	248	89	0.354	-1.5	-6.294	3.09350416481089e-10	2.63447814277986e-08	0.0166	0.0427	0.0327	0.0327	TRUE	NA
FBgn0051431	5275	1756	1976	1151	3452	1422	2657	2744	2816	1610	1760	1743	2221.64	2739	1704	0.622	-0.685	-6.237	4.47062656236737e-10	3.76918525473193e-08	0	0.0181	0.0082	0.0082	TRUE	NA
FBgn0039640	226	73	82	24	64	22	114	114	117	34	33	27	72.99	115	31	0.272	-1.878	-6.219	5.01782249803321e-10	4.18863975058594e-08	0	0.0777	0.0446	0.0446	TRUE	NA
FBgn0261560	5324	1278	1600	834	2285	1054	2682	1997	2280	1166	1165	1292	1763.7	2320	1208	0.523	-0.934	-6.196	5.80333985793121e-10	4.79685866100176e-08	0.0124	0.0186	0.0157	0.0157	TRUE	NA
FBgn0027596	1934	744	699	423	981	422	974	1163	996	592	500	517	790.32	1044	536	0.513	-0.963	-6.133	8.60056238363773e-10	6.84069259023111e-08	0.0103	0.0218	0.0163	0.0163	TRUE	NA
FBgn0033504	5240	1914	1758	1103	2958	1315	2639	2991	2505	1543	1508	1612	2133.05	2712	1554	0.573	-0.803	-6.13	8.78241767833803e-10	6.86445830245907e-08	0.0052	0.0182	0.0118	0.0118	TRUE	NA
FBgn0036896	1771	557	527	295	908	346	892	870	751	413	463	424	635.52	838	433	0.518	-0.948	-6.13	8.79328071006499e-10	6.86445830245907e-08	0.0066	0.0231	0.0154	0.0154	TRUE	NA
FBgn0004369	2167	777	733	437	1266	508	1091	1214	1044	611	646	623	871.61	1116	627	0.561	-0.833	-6.085	1.16628599910973e-09	9.0210617050405e-08	0.0027	0.0212	0.0122	0.0122	TRUE	NA
FBgn0045852	5575	1761	1751	1275	3030	1296	2808	2752	2495	1783	1545	1588	2161.99	2685	1639	0.61	-0.714	-6.068	1.29884133043774e-09	9.95502841538235e-08	0.0016	0.0181	0.0094	0.0094	TRUE	NA
FBgn0033426	977	287	355	157	464	212	492	449	506	220	237	260	360.42	482	239	0.493	-1.019	-6.027	1.67402976547947e-09	1.26015579935334e-07	0	0.0285	0.0173	0.0173	TRUE	NA
FBgn0000567	676	262	232	108	338	108	340	409	331	151	172	132	256.05	360	152	0.425	-1.235	-6	1.97672329511983e-09	1.46190825448731e-07	0.014	0.0336	0.0255	0.0255	TRUE	NA
FBgn0026376	4377	1257	1096	589	2000	687	2205	1964	1562	824	1020	842	1402.74	1910	895	0.471	-1.085	-5.994	2.04406496167335e-09	1.49856623407548e-07	0.0272	0.0193	0.0227	0.0227	TRUE	NA
FBgn0037646	161	32	47	5	15	10	81	50	67	7	8	12	37.49	66	9	0.135	-2.888	-5.981	2.21754349617307e-09	1.59795805266967e-07	0.0479	0.136	0.1043	0.1043	TRUE	NA
FBgn0036373	10187	3949	3662	2046	3750	2277	5131	6172	5218	2862	1912	2791	4014.2	5507	2522	0.456	-1.133	-5.954	2.61454831759094e-09	1.8369380721341e-07	0.0368	0.0172	0.0258	0.0258	TRUE	NA
FBgn0031805	7503	2761	2970	1613	3408	1908	3779	4315	4232	2256	1738	2339	3109.73	4109	2111	0.514	-0.961	-5.927	3.091478555582e-09	2.13641440181245e-07	0.0206	0.0175	0.0186	0.0186	TRUE	NA
FBgn0034638	3781	1358	1668	822	2114	1068	1904	2122	2377	1150	1078	1309	1656.69	2134	1179	0.553	-0.854	-5.901	3.61463037227752e-09	2.47763810314404e-07	0.0097	0.0188	0.0144	0.0144	TRUE	NA
FBgn0002868	393	73	91	21	86	27	198	114	130	29	44	33	91.34	147	35	0.252	-1.991	-5.887	3.92320151756881e-09	2.66746064472763e-07	0.0636	0.0653	0.0647	0.0647	TRUE	NA
FBgn0039809	1476	453	568	241	874	319	743	708	809	337	446	391	572.41	753	391	0.518	-0.949	-5.865	4.49032298808209e-09	3.02863304900161e-07	0.0083	0.0239	0.0168	0.0168	TRUE	NA
FBgn0030237	5807	1538	2033	915	3170	1224	2925	2404	2897	1280	1617	1500	2103.62	2742	1466	0.533	-0.907	-5.795	6.84914243818424e-09	4.51133749190088e-07	0.0156	0.0182	0.0171	0.0171	TRUE	NA
FBgn0040752	12944	5164	4092	2740	6729	2872	6519	8070	5831	3832	3431	3520	5200.73	6807	3594	0.528	-0.922	-5.732	9.90255730174449e-09	6.373164932138e-07	0.0211	0.0169	0.0184	0.0184	TRUE	NA
FBgn0053516	1880	602	552	361	963	405	947	941	787	505	491	496	694.44	892	497	0.559	-0.84	-5.722	1.05120602164606e-08	6.61396863320738e-07	0.0042	0.0225	0.0138	0.0138	TRUE	NA
FBgn0262579	13804	4565	4413	3129	8543	3489	6953	7134	6288	4376	4356	4276	5564.02	6792	4336	0.639	-0.647	-5.667	1.45055660338717e-08	8.80732576872674e-07	0.0024	0.0169	0.0092	0.0092	TRUE	NA
FBgn0039714	5090	1864	2171	1267	3380	1427	2564	2913	3093	1772	1724	1749	2302.49	2857	1748	0.614	-0.705	-5.666	1.46342804125756e-08	8.81297272560179e-07	0.0037	0.018	0.0107	0.0107	TRUE	NA
FBgn0004893	1127	425	410	233	633	281	568	664	584	326	323	344	468.19	605	331	0.547	-0.871	-5.663	1.4876212506674e-08	8.89513103856517e-07	0.0017	0.0257	0.0145	0.0145	TRUE	NA
FBgn0015371	1012	349	295	180	487	180	510	545	420	252	248	221	366.03	492	240	0.49	-1.03	-5.66	1.51610273090845e-08	9.00159304527402e-07	0.0105	0.0284	0.0205	0.0205	TRUE	NA
FBgn0036732	6052	2086	2079	1403	3795	1646	3048	3260	2962	1962	1935	2017	2530.93	3090	1971	0.638	-0.648	-5.644	1.66492640736237e-08	9.81608009823225e-07	0.0013	0.0178	0.0091	0.0091	TRUE	NA
FBgn0031547	490	176	260	80	285	98	247	275	370	112	145	120	211.61	297	126	0.426	-1.231	-5.601	2.13653459011619e-08	1.2509113284215e-06	0.0168	0.0373	0.0287	0.0287	TRUE	NA
FBgn0037635	487	162	186	80	248	101	245	253	265	112	126	124	187.61	254	121	0.474	-1.076	-5.52	3.38429862593502e-08	1.92790687265258e-06	0	0.04	0.0209	0.0209	TRUE	NA
FBgn0035344	213	78	74	30	59	27	107	122	105	42	30	33	73.29	111	35	0.31	-1.689	-5.475	4.38484467106478e-08	2.46457502811647e-06	0	0.0774	0.0488	0.0488	TRUE	NA
FBgn0085376	886	328	294	163	497	186	446	513	419	228	253	228	347.86	459	236	0.516	-0.954	-5.459	4.78784146183461e-08	2.65567706346892e-06	0.0055	0.029	0.0186	0.0186	TRUE	NA
FBgn0261808	1070	312	371	183	569	241	539	488	529	256	290	295	399.44	519	280	0.54	-0.888	-5.443	5.23527995425264e-08	2.86614579833143e-06	0	0.0273	0.0162	0.0162	TRUE	NA
FBgn0036181	546	185	186	100	271	102	275	289	265	140	138	125	205.37	276	134	0.488	-1.036	-5.384	7.30126103157651e-08	3.92082367880392e-06	0	0.038	0.0208	0.0208	TRUE	NA
FBgn0052681	413	136	159	69	203	79	208	213	227	97	104	97	157.33	216	99	0.46	-1.121	-5.359	8.34912252391142e-08	4.42713534585517e-06	0	0.0446	0.0237	0.0237	TRUE	NA
FBgn0035147	39912	16882	20966	9336	17919	10829	20102	26383	29874	13058	9138	13273	18638.08	25453	11823	0.468	-1.094	-5.329	9.87465182435598e-08	5.1710055609407e-06	0.0781	0.0163	0.0303	0.0303	TRUE	NA
FBgn0043364	4460	906	977	412	1689	514	2246	1416	1392	576	861	630	1186.99	1685	689	0.419	-1.257	-5.269	1.37320390340164e-07	7.10274976047804e-06	0.0721	0.0199	0.0399	0.0399	TRUE	NA
FBgn0259699	582	198	200	120	262	110	293	309	285	168	134	135	220.64	296	146	0.489	-1.031	-5.266	1.39155384672525e-07	7.15377468398818e-06	0	0.0364	0.0221	0.0221	TRUE	NA
FBgn0038381	427	152	191	80	223	95	215	238	272	112	114	116	177.8	242	114	0.472	-1.082	-5.251	1.50968621678541e-07	7.71403908710171e-06	0	0.0414	0.0237	0.0237	TRUE	NA
FBgn0037912	2109	773	904	517	1434	608	1062	1208	1288	723	731	745	959.66	1186	733	0.62	-0.691	-5.246	1.55300141258017e-07	7.88756319847192e-06	0.0019	0.0208	0.0113	0.0113	TRUE	NA
FBgn0037683	3255	1078	1581	686	1857	919	1639	1685	2253	959	947	1126	1434.96	1859	1011	0.545	-0.876	-5.241	1.59614126948187e-07	8.05812397784529e-06	0.0195	0.0192	0.0193	0.0193	TRUE	NA
FBgn0263041	221	78	119	33	92	39	111	122	170	46	47	48	90.61	134	47	0.351	-1.512	-5.214	1.85190357444769e-07	9.27514384817432e-06	0.0166	0.0657	0.0453	0.0453	TRUE	NA
FBgn0003525	3880	1008	1064	691	2004	817	1954	1575	1516	966	1022	1001	1339.23	1682	996	0.596	-0.746	-5.188	2.12616334320428e-07	1.03616665587025e-05	0.0083	0.0194	0.014	0.014	TRUE	NA
FBgn0029092	20144	6003	7029	4611	13530	5438	10146	9382	10016	6449	6899	6665	8259.49	9848	6671	0.677	-0.562	-5.137	2.78809214002372e-07	1.33183433144545e-05	0.0018	0.0166	0.0085	0.0085	TRUE	NA
FBgn0051038	1618	693	636	383	799	404	815	1083	906	536	407	495	707.08	935	479	0.513	-0.964	-5.137	2.79604645553131e-07	1.33183433144545e-05	0.0253	0.0224	0.0237	0.0237	TRUE	NA
FBgn0034476	429	159	151	75	223	84	216	248	215	105	114	103	166.88	226	107	0.475	-1.074	-5.117	3.10486892006554e-07	1.47062639691419e-05	0	0.043	0.0244	0.0244	TRUE	NA
FBgn0029766	48013	16585	18439	10896	24519	13816	24183	25919	26274	15240	12503	16934	20175.41	25459	14892	0.585	-0.773	-5.114	3.14779779642357e-07	1.48263034757805e-05	0.0163	0.0163	0.0164	0.0164	TRUE	NA
FBgn0259714	359	111	120	52	164	57	181	173	171	73	84	70	125.25	175	76	0.434	-1.205	-5.102	3.36304488767185e-07	1.57521285822007e-05	0	0.052	0.0302	0.0302	TRUE	NA
FBgn0026721	8764	3239	4056	2218	4820	2448	4414	5062	5779	3102	2458	3000	3969.34	5085	2853	0.562	-0.831	-5.056	4.28612192971555e-07	1.99648033090783e-05	0.0215	0.0172	0.0191	0.0191	TRUE	NA
FBgn0038865	594	212	268	121	315	155	299	331	382	169	161	190	255.37	337	173	0.512	-0.964	-5.038	4.71225236493285e-07	2.17098358954912e-05	0.0066	0.0337	0.0217	0.0217	TRUE	NA
FBgn0020257	2647	902	871	575	1737	647	1333	1410	1241	804	886	793	1077.83	1328	828	0.624	-0.68	-5.009	5.46757719440866e-07	2.49173747708429e-05	0.004	0.0202	0.0122	0.0122	TRUE	NA
FBgn0086365	8424	2829	3044	2209	5614	2400	4243	4421	4337	3090	2863	2942	3649.26	4334	2965	0.684	-0.548	-5.007	5.54204650368363e-07	2.4986627846287e-05	9e-04	0.0173	0.0083	0.0083	TRUE	NA
FBgn0027348	501	192	220	100	271	134	252	300	313	140	138	164	218.03	288	147	0.51	-0.973	-5	5.73178016924501e-07	2.55685918555051e-05	0.0023	0.0367	0.0217	0.0217	TRUE	NA
FBgn0013811	791	335	340	181	401	208	398	524	484	253	204	255	353.17	469	237	0.507	-0.98	-4.99	6.02386128986105e-07	2.65901437355071e-05	0.0187	0.0288	0.0243	0.0243	TRUE	NA
FBgn0038237	134	37	24	5	20	6	67	58	34	7	10	7	30.68	53	8	0.163	-2.62	-4.991	6.00934137430153e-07	2.65901437355071e-05	0.0768	0.1626	0.1303	0.1303	TRUE	NA
FBgn0022160	3028	1336	1372	718	1347	827	1525	2088	1955	1004	687	1014	1378.79	1856	902	0.487	-1.037	-4.971	6.6739432809366e-07	2.93062582299878e-05	0.0466	0.0193	0.0305	0.0305	TRUE	NA
FBgn0010225	29953	9567	11450	7671	21284	8446	15086	14951	16315	10729	10854	10352	13047.93	15451	10645	0.689	-0.537	-4.966	6.84036707483897e-07	2.98814169989468e-05	0.0018	0.0164	0.0083	0.0083	TRUE	NA
FBgn0032029	917	254	309	167	399	213	462	397	440	234	203	261	332.87	433	233	0.535	-0.903	-4.928	8.32348575759246e-07	3.59873376524421e-05	0.0082	0.0296	0.0206	0.0206	TRUE	NA
FBgn0031374	4401	1773	1584	1106	2758	1157	2217	2771	2257	1547	1406	1418	1936	2415	1457	0.604	-0.727	-4.919	8.70846403398775e-07	3.72695737413963e-05	0.0132	0.0184	0.0152	0.0152	TRUE	NA
FBgn0267252	352	88	92	33	124	48	177	138	131	46	63	59	102.35	149	56	0.381	-1.391	-4.892	9.96370437723215e-07	4.17930306489773e-05	0.0232	0.06	0.0454	0.0454	TRUE	NA
FBgn0039098	744	212	276	137	394	170	375	331	393	192	201	208	283.37	366	200	0.546	-0.874	-4.89	1.00929465473889e-06	4.21255605648692e-05	0	0.0319	0.0189	0.0189	TRUE	NA
FBgn0032638	327	104	114	46	155	41	165	163	162	64	79	50	113.88	163	64	0.401	-1.317	-4.867	1.13043042053806e-06	4.67448571663273e-05	0.017	0.0555	0.0414	0.0414	TRUE	NA
FBgn0052412	2620	834	1017	647	1739	715	1320	1303	1449	905	887	876	1123.37	1357	889	0.655	-0.61	-4.801	1.57629628909391e-06	6.35873397767978e-05	0.0013	0.0201	0.0106	0.0106	TRUE	NA
FBgn0032036	16365	5920	6401	4467	11913	5067	8242	9252	9121	6248	6075	6211	7524.73	8872	6178	0.697	-0.52	-4.759	1.94098391133399e-06	7.75565656704118e-05	0.0017	0.0167	0.0085	0.0085	TRUE	NA
FBgn0028514	1690	449	442	275	877	269	851	702	630	385	447	330	557.38	728	387	0.538	-0.895	-4.736	2.18361350432188e-06	8.6432138286093e-05	0.0229	0.0241	0.0236	0.0236	TRUE	NA
FBgn0000079	763	395	389	150	263	217	384	617	554	210	134	266	360.96	518	203	0.396	-1.336	-4.715	2.42022624474415e-06	9.49116882108661e-05	0.0964	0.0285	0.0541	0.0541	TRUE	NA
FBgn0030452	1975	636	783	498	1268	525	995	994	1116	697	647	643	848.5	1035	662	0.64	-0.644	-4.672	2.98269170541725e-06	0.000114868741025166	0.0029	0.0214	0.0124	0.0124	TRUE	NA
FBgn0039886	2156	655	789	451	1450	576	1086	1024	1124	631	739	706	885	1078	692	0.641	-0.641	-4.672	2.98378060544554e-06	0.000114868741025166	0.003	0.0211	0.0123	0.0123	TRUE	NA
FBgn0031258	473	133	111	46	194	52	238	208	158	64	99	64	138.54	201	76	0.382	-1.387	-4.663	3.11143643135534e-06	0.000119238729785259	0.0631	0.0485	0.0542	0.0542	TRUE	NA
FBgn0264693	10963	3895	3467	2572	7213	2943	5522	6087	4940	3597	3678	3607	4571.95	5516	3627	0.658	-0.605	-4.634	3.58181152152717e-06	0.000136028166387367	0.0068	0.0171	0.012	0.012	TRUE	NA
FBgn0267824	2685	910	928	682	1778	733	1352	1422	1322	954	907	898	1142.63	1365	920	0.673	-0.57	-4.615	3.93394815150575e-06	0.000147409408290422	0	0.02	0.01	0.01	TRUE	NA
FBgn0031548	127	44	50	10	43	21	64	69	71	14	22	26	44.27	68	21	0.297	-1.751	-4.588	4.48218157281158e-06	0.000165018658691591	0	0.1176	0.0716	0.0716	TRUE	NA
FBgn0029768	824	74	220	61	161	20	415	116	313	85	82	25	172.68	281	64	0.237	-2.08	-4.573	4.81662823279408e-06	0.000176560837524726	0.3385	0.0421	0.1387	0.1387	TRUE	NA
FBgn0024250	1054	346	294	191	590	214	531	541	419	267	301	262	386.8	497	277	0.559	-0.839	-4.534	5.77706288903047e-06	0.000208147082125709	0.0139	0.0277	0.0216	0.0216	TRUE	NA
FBgn0031913	1995	712	947	513	1335	586	1005	1113	1349	718	681	718	930.57	1156	706	0.613	-0.707	-4.514	6.37561497476339e-06	0.000227766143441653	0.0113	0.0209	0.0164	0.0164	TRUE	NA
FBgn0039101	641	211	234	125	377	169	323	330	333	175	192	207	260.04	329	191	0.58	-0.785	-4.481	7.42916011757321e-06	0.000263173314921259	0	0.0334	0.0177	0.0177	TRUE	NA
FBgn0030529	25262	6903	7424	5158	15682	6154	12724	10788	10578	7214	7997	7543	9474.02	11363	7585	0.669	-0.579	-4.48	7.47463055245756e-06	0.000263676193254267	0.0094	0.0165	0.0119	0.0119	TRUE	NA
FBgn0013272	31993	9829	10717	8027	22857	8967	16114	15361	15271	11227	11656	10991	13436.45	15582	11291	0.725	-0.464	-4.475	7.64005629295384e-06	0.000268388810857891	0.001	0.0164	0.0077	0.0077	TRUE	NA
FBgn0035232	4109	1384	1486	1051	2679	1249	2070	2163	2117	1470	1366	1531	1786.15	2117	1456	0.687	-0.541	-4.472	7.73329630905497e-06	0.000270537017351213	0.002	0.0186	0.0099	0.0099	TRUE	NA
FBgn0028939	50	21	34	3	11	6	25	33	48	4	6	7	20.6	35	6	0.158	-2.662	-4.464	8.02688420223001e-06	0.000279647358301658	0.0136	0.2343	0.149	0.149	TRUE	NA
FBgn0002778	2413	857	922	615	1807	711	1215	1339	1314	860	921	871	1086.92	1289	884	0.687	-0.542	-4.437	9.13324486455714e-06	0.000315583555135579	0	0.0202	0.0097	0.0097	TRUE	NA
FBgn0028990	3136	1062	1334	753	1581	920	1579	1660	1901	1053	806	1128	1354.51	1713	996	0.581	-0.785	-4.396	1.10028844576653e-05	0.000377094792124293	0.0248	0.0194	0.0221	0.0221	TRUE	NA
FBgn0037223	89	22	22	4	12	7	45	34	31	6	6	9	21.81	37	7	0.184	-2.445	-4.363	1.28039454365395e-05	0.000435282516030099	0.0015	0.2222	0.1379	0.1379	TRUE	NA
FBgn0011274	2192	550	601	411	1230	424	1104	860	856	575	627	520	756.95	940	574	0.616	-0.699	-4.326	1.52059215691919e-05	0.000509498696725963	0.0119	0.022	0.0173	0.0173	TRUE	NA
FBgn0034694	955	300	387	212	631	255	481	469	551	297	322	313	405.35	500	311	0.62	-0.689	-4.325	1.52287595273328e-05	0.000509498696725963	0	0.0272	0.0155	0.0155	TRUE	NA
FBgn0260429	343	84	64	30	112	28	173	131	91	42	57	34	88.1	132	44	0.351	-1.509	-4.316	1.58646267329015e-05	0.000526593181043671	0.0811	0.0671	0.0724	0.0724	TRUE	NA
FBgn0261545	4014	1429	1314	883	2900	1005	2022	2233	1872	1235	1479	1232	1678.82	2042	1315	0.644	-0.635	-4.31	1.6305424188568e-05	0.000539102083662027	0.0099	0.0187	0.0149	0.0149	TRUE	NA
FBgn0010382	2680	1016	929	703	1740	734	1350	1588	1324	983	887	900	1171.93	1421	923	0.65	-0.621	-4.301	1.69757215071484e-05	0.000559071515729562	0.0076	0.0199	0.0141	0.0141	TRUE	NA
FBgn0013576	6089	2015	1999	1567	4247	1688	3067	3149	2848	2192	2166	2069	2581.77	3021	2142	0.709	-0.496	-4.293	1.76340999051554e-05	0.000576252311241724	0.0015	0.0178	0.0092	0.0092	TRUE	NA
FBgn0033359	1013	338	302	214	440	248	510	528	430	299	224	304	382.74	489	276	0.56	-0.836	-4.29	1.78333933815897e-05	0.000580514824711131	0.0196	0.0278	0.0243	0.0243	TRUE	NA
FBgn0052311	3555	1294	1090	898	2142	856	1791	2022	1553	1256	1092	1049	1460.57	1789	1132	0.632	-0.663	-4.265	1.99897803623774e-05	0.0006482070701354	0.0126	0.0191	0.0166	0.0166	TRUE	NA
FBgn0033188	2847	1122	1141	778	2049	909	1434	1753	1626	1088	1045	1114	1343.4	1604	1082	0.676	-0.564	-4.264	2.01087990245727e-05	0.000649568140138592	0.0042	0.0194	0.0118	0.0118	TRUE	NA
FBgn0051523	12636	3373	3449	2166	7642	2312	6364	5271	4914	3029	3897	2834	4385.06	5516	3253	0.593	-0.754	-4.261	2.03447347399175e-05	0.000654681139665056	0.0291	0.0171	0.0223	0.0223	TRUE	NA
FBgn0035020	885	230	252	155	474	175	446	359	359	217	242	214	306.21	388	224	0.582	-0.78	-4.26	2.04573560310986e-05	0.00065580216235054	0.0077	0.0308	0.0204	0.0204	TRUE	NA
FBgn0034400	13333	4693	4396	3481	8995	3883	6715	7334	6264	4869	4587	4759	5754.74	6771	4738	0.7	-0.515	-4.252	2.11650954574626e-05	0.000673369508686291	0.0043	0.0169	0.0104	0.0104	TRUE	NA
FBgn0035001	19273	6351	6297	5171	13283	5500	9707	9925	8973	7232	6774	6741	8225.4	9535	6916	0.725	-0.464	-4.251	2.13066218189565e-05	0.000675323791562489	0.0015	0.0166	0.0084	0.0084	TRUE	NA
FBgn0266452	1472	454	538	379	928	363	741	710	767	530	473	445	610.96	739	483	0.652	-0.616	-4.25	2.1390257399703e-05	0.000675435431224329	0	0.0234	0.0133	0.0133	TRUE	NA
FBgn0027580	2647	1211	1174	698	1433	831	1333	1893	1673	976	731	1019	1270.69	1633	909	0.56	-0.837	-4.246	2.1777101648149e-05	0.000685084865655015	0.0374	0.0196	0.0271	0.0271	TRUE	NA
FBgn0030349	3923	1462	1486	1090	2681	1188	1976	2285	2117	1525	1367	1456	1787.65	2126	1449	0.682	-0.552	-4.227	2.36499175199866e-05	0.000741235890747238	0.005	0.0186	0.0117	0.0117	TRUE	NA
FBgn0000256	5316	1771	1683	1323	3260	1523	2677	2768	2398	1850	1662	1867	2203.81	2614	1793	0.685	-0.545	-4.211	2.54072654655493e-05	0.00079037739805073	0.0047	0.0181	0.0116	0.0116	TRUE	NA
FBgn0265194	3505	1262	1258	955	2374	1035	1765	1972	1793	1336	1211	1269	1557.51	1843	1272	0.69	-0.536	-4.2	2.67499265772077e-05	0.000820104112627047	0.0034	0.019	0.011	0.011	TRUE	NA
FBgn0027091	2455	905	980	676	1573	745	1236	1414	1396	945	802	913	1118	1349	887	0.657	-0.605	-4.179	2.92429575703222e-05	0.000886861062141678	0.0076	0.0201	0.0141	0.0141	TRUE	NA
FBgn0010591	3426	1221	1424	929	2118	1061	1726	1908	2029	1299	1080	1300	1557.11	1888	1226	0.65	-0.622	-4.176	2.96735053862904e-05	0.000896692917246647	0.0113	0.019	0.0152	0.0152	TRUE	NA
FBgn0025836	223	62	74	35	90	36	112	97	105	49	46	44	75.6	105	46	0.442	-1.176	-4.171	3.03062853639447e-05	0.00090929641246768	0	0.0755	0.0409	0.0409	TRUE	NA
FBgn0044047	1568	387	412	239	846	276	790	605	587	334	431	338	514.27	661	368	0.563	-0.829	-4.172	3.02280159409807e-05	0.00090929641246768	0.028	0.0248	0.0262	0.0262	TRUE	NA
FBgn0030326	295	104	163	66	157	55	149	163	232	92	80	67	130.53	181	80	0.444	-1.172	-4.137	3.52463040913498e-05	0.00104267224489182	0.0446	0.0505	0.0481	0.0481	TRUE	NA
FBgn0040398	8594	3113	4033	2235	4730	2733	4329	4865	5747	3126	2412	3350	3971.33	4980	2963	0.597	-0.745	-4.131	3.61811631256381e-05	0.00106658526682607	0.0338	0.0172	0.0231	0.0231	TRUE	NA
FBgn0262870	97	34	45	13	35	11	49	53	64	18	18	13	35.94	55	16	0.301	-1.731	-4.122	3.7525672091096e-05	0.00110236564947746	0	0.1412	0.0862	0.0862	TRUE	NA
FBgn0032775	5848	2467	2730	1727	4047	1886	2945	3855	3890	2415	2064	2312	2913.62	3563	2264	0.639	-0.645	-4.107	4.00201823188852e-05	0.0011594850760499	0.0172	0.0176	0.0174	0.0174	TRUE	NA
FBgn0015600	2796	921	951	750	1926	748	1408	1439	1355	1049	982	917	1191.77	1401	983	0.701	-0.512	-4.066	4.77901730635144e-05	0.00135662945824407	0.0011	0.0198	0.0105	0.0105	TRUE	NA
FBgn0010223	188	52	56	26	67	29	95	81	80	36	34	36	60.3	85	35	0.415	-1.268	-4.054	5.03342326885724e-05	0.00141929068828546	0	0.0906	0.0494	0.0494	TRUE	NA
FBgn0028563	2118	817	888	597	1501	673	1067	1277	1265	835	765	825	1005.7	1203	808	0.674	-0.57	-4.036	5.42991349202609e-05	0.00152091696515854	0.0057	0.0205	0.0132	0.0132	TRUE	NA
FBgn0037222	817	247	273	140	524	200	411	386	389	196	267	245	315.78	395	236	0.594	-0.75	-4.025	5.70723029696639e-05	0.00157980183691801	0.0098	0.0303	0.0214	0.0214	TRUE	NA
FBgn0262103	3463	1311	1157	886	2264	1020	1744	2049	1649	1239	1154	1250	1514.26	1814	1214	0.67	-0.579	-4.019	5.85608738444569e-05	0.0016082303823538	0.0088	0.019	0.0142	0.0142	TRUE	NA
FBgn0040290	1656	538	560	436	1073	447	834	841	798	610	547	548	696.28	824	568	0.689	-0.538	-4.004	6.23349638166932e-05	0.00170079637520563	0	0.0225	0.0114	0.0114	TRUE	NA
FBgn0263257	280	76	83	47	125	39	141	119	118	66	64	48	92.56	126	59	0.474	-1.076	-3.987	6.70481763344344e-05	0.00182349411185683	0	0.0646	0.0394	0.0394	TRUE	NA
FBgn0020493	784	232	256	168	472	193	395	363	365	235	241	237	305.74	374	238	0.635	-0.655	-3.973	7.1083727721811e-05	0.00192085547571343	0	0.0308	0.0159	0.0159	TRUE	NA
FBgn0263042	131	39	52	13	57	19	66	61	74	18	29	23	45.26	67	23	0.353	-1.503	-3.969	7.20415146174485e-05	0.00194051760300226	0	0.1154	0.0734	0.0734	TRUE	NA
FBgn0001297	26555	9217	8603	7097	17994	7889	13375	14404	12258	9926	9176	9669	11468.2	13346	9590	0.718	-0.477	-3.947	7.91915909539491e-05	0.00211956921692935	0.0048	0.0165	0.0104	0.0104	TRUE	NA
FBgn0015522	359	136	113	60	218	66	181	213	161	84	111	81	138.39	185	92	0.502	-0.995	-3.904	9.44326594763028e-05	0.00249580486534391	0.0227	0.0486	0.0381	0.0381	TRUE	NA
FBgn0038877	2729	710	866	477	1752	628	1375	1110	1234	667	893	770	1008.06	1240	777	0.626	-0.675	-3.894	9.85534957616222e-05	0.00258044882846657	0.0209	0.0205	0.0205	0.0205	TRUE	NA
FBgn0005636	906	432	361	240	565	270	456	675	514	336	288	331	433.43	548	318	0.583	-0.778	-3.878	0.000105210911819627	0.00272933291554237	0.0262	0.0264	0.0263	0.0263	TRUE	NA
FBgn0033446	257	77	64	37	101	44	129	120	91	52	52	54	83.03	113	53	0.463	-1.111	-3.868	0.000109934353114651	0.00284311819358779	0	0.0702	0.0447	0.0447	TRUE	NA
FBgn0020762	2420	894	927	653	1847	796	1219	1397	1321	913	942	976	1127.96	1312	944	0.72	-0.475	-3.865	0.000111293073601873	0.00286735931828396	0	0.0201	0.0099	0.0099	TRUE	NA
FBgn0259749	3043	1100	1275	813	1688	966	1533	1719	1817	1137	861	1184	1375.07	1690	1061	0.627	-0.673	-3.847	0.000119460850633349	0.00305204373239322	0.0227	0.0193	0.0212	0.0212	TRUE	NA
FBgn0050069	9629	2281	1729	1158	4513	1149	4850	3565	2464	1620	2301	1408	2701.26	3626	1776	0.503	-0.991	-3.833	0.000126465680107157	0.00319231182330372	0.1001	0.0177	0.0477	0.0477	TRUE	NA
FBgn0036663	14628	6569	6647	4491	10230	4830	7368	10266	9471	6281	5217	5920	7420.52	9035	5806	0.647	-0.628	-3.829	0.000128701169103193	0.00323904345286274	0.0223	0.0167	0.0192	0.0192	TRUE	NA
FBgn0039613	8020	2075	2460	1553	5285	1840	4039	3243	3505	2172	2695	2255	2984.98	3596	2374	0.662	-0.595	-3.818	0.000134383411046363	0.00336197785914505	0.019	0.0176	0.0171	0.0171	TRUE	NA
FBgn0266418	1044	377	409	282	674	311	526	589	583	394	344	381	469.52	566	373	0.659	-0.602	-3.814	0.000136625172748449	0.00340794920545021	0.0042	0.0256	0.0156	0.0156	TRUE	NA
FBgn0001114	91849	29582	32345	24223	49802	27851	46261	46231	46088	33880	25396	34137	38665.47	46193	31138	0.673	-0.572	-3.81	0.000138750824307057	0.00344762596504342	0.015	0.0162	0.0162	0.0162	TRUE	NA
FBgn0261547	1518	572	489	385	947	419	765	894	697	538	483	514	648.37	785	512	0.651	-0.619	-3.803	0.000142717625805974	0.00351828158821687	0.0105	0.023	0.0173	0.0173	TRUE	NA
FBgn0267336	3505	1171	909	710	2150	804	1765	1830	1295	993	1096	985	1327.58	1630	1025	0.63	-0.666	-3.795	0.00014776190835216	0.00359014596344974	0.0234	0.0195	0.0214	0.0214	TRUE	NA
FBgn0262127	8873	2805	2484	2031	5760	2300	4469	4384	3539	2841	2937	2819	3498.19	4131	2866	0.695	-0.525	-3.789	0.000151464941316637	0.00366954287425449	0.0098	0.0174	0.0135	0.0135	TRUE	NA
FBgn0034636	60	22	17	1	15	5	30	34	24	1	8	6	17.33	29	5	0.169	-2.562	-3.784	0.000154215913350516	0.00372548528784584	0	0.2755	0.2134	0.2134	TRUE	NA
FBgn0053181	1017	284	288	197	614	211	512	444	410	276	313	259	368.95	455	283	0.624	-0.68	-3.783	0.000154799777156111	0.00372890548915192	0.0102	0.0283	0.0202	0.0202	TRUE	NA
FBgn0032899	2716	830	1187	629	1693	876	1368	1297	1691	880	863	1074	1195.54	1452	939	0.645	-0.632	-3.772	0.000161940577741669	0.00387875287198866	0.0178	0.0198	0.0192	0.0192	TRUE	NA
FBgn0036196	409	175	188	102	307	106	206	273	268	143	157	130	196.08	249	143	0.581	-0.783	-3.757	0.000172264696223751	0.00406824552902645	0.006	0.039	0.0254	0.0254	TRUE	NA
FBgn0013763	54728	21973	28996	15930	35273	19182	27565	34340	41316	22281	17987	23511	27833.23	34407	21260	0.624	-0.681	-3.747	0.000179285081333752	0.00421045270396898	0.0436	0.0162	0.0237	0.0237	TRUE	NA
FBgn0038595	342	123	146	81	176	91	172	192	208	113	90	112	147.85	191	105	0.547	-0.872	-3.729	0.000192401782748801	0.00448104815015232	0.0105	0.0465	0.0314	0.0314	TRUE	NA
FBgn0033520	66	8	18	0	7	1	33	13	26	0	4	1	12.7	24	2	0.081	-3.634	-3.726	0.000194383851487973	0.00451473898593692	0.5121	0.3702	0.4112	0.4112	TRUE	NA
FBgn0261836	77256	24618	18346	13788	47667	14264	38911	38473	26141	19285	24307	17483	27433.47	34508	20358	0.592	-0.756	-3.722	0.000197744963600921	0.00456763777566949	0.0541	0.0162	0.0297	0.0297	TRUE	NA
FBgn0039209	4689	1424	1223	869	2981	1053	2362	2225	1743	1215	1520	1291	1726	2110	1342	0.637	-0.65	-3.71	0.000207471347785426	0.00477921019994242	0.0263	0.0187	0.0214	0.0214	TRUE	NA
FBgn0033363	188	100	99	44	132	53	95	156	141	62	67	65	97.64	131	65	0.503	-0.991	-3.7	0.000215994084717257	0.00493508435840432	0.0077	0.0621	0.0392	0.0392	TRUE	NA
FBgn0260486	5030	1752	1507	1065	3652	1109	2533	2738	2147	1490	1862	1359	2021.66	2473	1570	0.635	-0.654	-3.69	0.000223912875255136	0.00508843517864165	0.0268	0.0183	0.0221	0.0221	TRUE	NA
FBgn0032400	1549	308	348	173	729	229	780	481	496	242	372	281	441.96	586	298	0.52	-0.943	-3.672	0.000240689963560267	0.00544036751414641	0.0742	0.0262	0.0448	0.0448	TRUE	NA
FBgn0015576	383	135	149	88	249	90	193	211	212	123	127	110	162.76	205	120	0.588	-0.767	-3.663	0.000249410813917586	0.00560742019237111	0	0.0437	0.0245	0.0245	TRUE	NA
FBgn0041180	18682	6144	7055	5402	14671	5797	9409	9602	10053	7556	7481	7105	8534.37	9688	7381	0.762	-0.392	-3.659	0.000253315016325396	0.00566498382662976	0.0013	0.0166	0.0081	0.0081	TRUE	NA
FBgn0033502	190	83	88	41	105	52	96	130	125	57	54	64	87.57	117	58	0.498	-1.006	-3.657	0.000254922530935849	0.00568585147703741	0.0021	0.0674	0.0406	0.0406	TRUE	NA
FBgn0052687	750	249	278	187	487	216	378	389	396	262	248	265	322.94	388	258	0.665	-0.588	-3.639	0.000274063417928266	0.00603683612232002	0	0.03	0.0153	0.0153	TRUE	NA
FBgn0038290	2405	680	883	590	1646	684	1211	1063	1258	825	839	838	1005.86	1177	834	0.708	-0.497	-3.635	0.000278141905448076	0.00610680834591857	0.0037	0.0205	0.0124	0.0124	TRUE	NA
FBgn0038874	259	101	103	53	133	73	130	158	147	74	68	89	111.08	145	77	0.528	-0.921	-3.628	0.000285305625903003	0.00624782268048887	0	0.0565	0.0357	0.0357	TRUE	NA
FBgn0036746	4003	1309	1176	952	2710	1089	2016	2046	1676	1332	1382	1335	1630.97	1913	1350	0.706	-0.502	-3.624	0.000289651305425403	0.0063093617748473	0.0068	0.0188	0.0131	0.0131	TRUE	NA
FBgn0020376	85	34	43	9	40	20	43	53	61	13	20	25	35.79	52	19	0.358	-1.482	-3.617	0.000297472775089032	0.00644728269093992	0	0.1417	0.0824	0.0824	TRUE	NA
FBgn0015801	1891	618	674	496	1305	591	952	966	960	694	665	724	827.04	959	694	0.723	-0.468	-3.611	0.000304751700152893	0.00657125724805382	0	0.0215	0.0108	0.0108	TRUE	NA
FBgn0035084	303	125	127	74	166	84	153	195	181	104	85	103	136.67	176	97	0.549	-0.864	-3.598	0.000320695603575298	0.00684502438922364	0.0109	0.049	0.0329	0.0329	TRUE	NA
FBgn0031313	2824	1250	1408	865	1906	986	1422	1954	2006	1210	972	1209	1462.07	1794	1130	0.636	-0.654	-3.593	0.000326473803200388	0.00695075917874361	0.0281	0.0191	0.0231	0.0231	TRUE	NA
FBgn0027578	3039	871	1007	796	2084	849	1531	1361	1435	1113	1063	1041	1257.23	1442	1072	0.744	-0.427	-3.588	0.000333280379943427	0.00706794666625872	0	0.0196	0.0093	0.0093	TRUE	NA
FBgn0031988	4563	1420	1446	1206	3220	1317	2298	2219	2060	1687	1642	1614	1920.14	2192	1648	0.752	-0.411	-3.588	0.000333654699700032	0.00706794666625872	4e-04	0.0184	0.0089	0.0089	TRUE	NA
FBgn0011206	853	233	207	123	475	155	430	364	295	172	242	190	282.16	363	201	0.559	-0.838	-3.572	0.000353658945463284	0.00741716061990286	0.0405	0.032	0.0355	0.0355	TRUE	NA
FBgn0039804	2144	779	788	575	1508	714	1080	1217	1123	804	769	875	978.08	1140	816	0.715	-0.483	-3.573	0.000352990162742005	0.00741716061990286	0.0033	0.0207	0.012	0.012	TRUE	NA
FBgn0033079	913	275	294	228	482	244	460	430	419	319	246	299	362.05	436	288	0.656	-0.607	-3.568	0.000359610181684204	0.00752325916074323	0.0045	0.0285	0.0177	0.0177	TRUE	NA
FBgn0032601	434	187	208	102	366	152	219	292	296	143	187	186	220.47	269	172	0.64	-0.645	-3.567	0.000361533058651196	0.00754476538982236	0	0.0365	0.0183	0.0183	TRUE	NA
FBgn0004198	10115	3436	3024	2653	6734	2866	5095	5370	4309	3711	3434	3513	4238.45	4925	3553	0.721	-0.471	-3.543	0.000395375097265948	0.00817485215526252	0.0076	0.0171	0.0125	0.0125	TRUE	NA
FBgn0028473	47856	17258	21158	13576	28833	16341	24103	26971	30148	18988	14703	20029	22490.43	27074	17907	0.663	-0.593	-3.54	0.00039954033589134	0.00821591358999973	0.0258	0.0163	0.0202	0.0202	TRUE	NA
FBgn0032330	868	347	301	211	496	268	437	542	429	295	253	328	380.82	469	292	0.621	-0.687	-3.541	0.000399097391470679	0.00821591358999973	0.0193	0.0279	0.0241	0.0241	TRUE	NA
FBgn0026160	4519	1466	1346	1125	3046	1282	2276	2291	1918	1573	1553	1571	1863.86	2162	1566	0.725	-0.464	-3.538	0.000403100069459891	0.00826894570709572	0.0049	0.0185	0.0118	0.0118	TRUE	NA
FBgn0022338	2263	720	830	583	1516	731	1140	1125	1183	815	773	896	988.69	1149	828	0.719	-0.475	-3.537	0.000405232014367179	0.00827242400273531	0.003	0.0206	0.0119	0.0119	TRUE	NA
FBgn0051098	404	129	152	97	245	89	203	202	217	136	125	109	165.23	207	123	0.596	-0.747	-3.532	0.000412155581053565	0.00837321374424724	0	0.0433	0.0252	0.0252	TRUE	NA
FBgn0020386	6514	2431	2313	1860	5010	2039	3281	3799	3296	2602	2555	2499	3005.22	3459	2552	0.738	-0.437	-3.525	0.000423401219183342	0.00858099922820854	0.0044	0.0176	0.0107	0.0107	TRUE	NA
FBgn0050269	798	234	228	137	380	217	402	366	325	192	194	266	290.64	364	217	0.593	-0.754	-3.504	0.00045808897487025	0.00919559082650256	0.0278	0.0315	0.0294	0.0294	TRUE	NA
FBgn0054056	212	59	64	39	84	40	107	92	91	55	43	49	72.76	97	49	0.501	-0.996	-3.484	0.000493766039045629	0.00981825819621155	0	0.0779	0.0424	0.0424	TRUE	NA
FBgn0002945	169	65	44	19	82	29	85	102	63	27	42	36	58.89	83	35	0.417	-1.262	-3.469	0.000521443946072354	0.0102957702794754	0.0439	0.0924	0.0738	0.0738	TRUE	NA
FBgn0039637	6149	2155	2579	1824	4313	2061	3097	3368	3675	2551	2199	2526	2902.73	3380	2425	0.718	-0.478	-3.468	0.000525247099858657	0.0103466315395055	0.0091	0.0176	0.0133	0.0133	TRUE	NA
FBgn0031637	2857	976	1068	840	1986	895	1439	1525	1522	1175	1013	1097	1295.11	1495	1095	0.731	-0.452	-3.463	0.000534745440640287	0.0105091813753806	0.0035	0.0195	0.0114	0.0114	TRUE	NA
FBgn0002609	109	37	34	15	45	12	55	58	48	21	23	15	36.63	54	20	0.371	-1.431	-3.459	0.00054251375984076	0.0105633568342204	0	0.1388	0.0872	0.0872	TRUE	NA
FBgn0027590	1110	351	380	280	700	330	559	549	541	392	357	404	467.02	550	384	0.698	-0.52	-3.46	0.000540199675356772	0.0105633568342204	0	0.0257	0.0139	0.0139	TRUE	NA
FBgn0028331	12595	3848	4000	3175	8117	3943	6344	6014	5700	4441	4139	4833	5244.96	6019	4471	0.743	-0.429	-3.459	0.000541579655081521	0.0105633568342204	0.0054	0.0169	0.0108	0.0108	TRUE	NA
FBgn0262818	782	265	212	146	495	173	394	414	302	204	252	212	296.46	370	223	0.604	-0.727	-3.459	0.000542273763508012	0.0105633568342204	0.0235	0.0312	0.028	0.028	TRUE	NA
FBgn0020414	23991	6221	7348	5271	16031	6403	12083	9722	10470	7372	8175	7848	9278.51	10758	7798	0.727	-0.46	-3.455	0.000550848552286532	0.0106518443677242	0.0101	0.0166	0.0127	0.0127	TRUE	NA
FBgn0036824	6331	2554	3118	1861	4333	2362	3189	3991	4443	2603	2210	2895	3221.75	3874	2569	0.668	-0.582	-3.446	0.000568710144865596	0.0109720714676472	0.0235	0.0175	0.0202	0.0202	TRUE	NA
FBgn0014906	8218	2664	3136	2382	5944	2693	4139	4163	4468	3332	3031	3301	3739.06	4257	3221	0.756	-0.403	-3.445	0.000571174252657993	0.0109944523382638	0.0025	0.0173	0.0096	0.0096	TRUE	NA
FBgn0038088	526	178	194	116	372	146	265	278	276	162	190	179	225.07	273	177	0.648	-0.626	-3.44	0.000582774554103445	0.0111921919490801	0	0.036	0.0189	0.0189	TRUE	NA
FBgn0085334	205	33	58	20	72	20	103	52	83	28	37	25	54.45	79	30	0.389	-1.361	-3.439	0.000584189710047689	0.0111938714668456	0.0732	0.0987	0.0889	0.0889	TRUE	NA
FBgn0003366	53	16	22	5	9	7	27	25	31	7	5	9	17.2	28	7	0.233	-2.102	-3.434	0.000595142066183601	0.0113265073589028	0	0.2775	0.1719	0.1719	TRUE	NA
FBgn0028542	2064	932	1297	611	1071	743	1040	1457	1848	855	546	911	1109.27	1448	771	0.541	-0.886	-3.435	0.000592585794650991	0.0113265073589028	0.0918	0.0201	0.0469	0.0469	TRUE	NA
FBgn0035879	3202	1136	1119	900	2196	1027	1613	1775	1594	1259	1120	1259	1436.66	1661	1213	0.729	-0.455	-3.431	0.0006017826335321	0.0114270932056512	0.0047	0.0192	0.0119	0.0119	TRUE	NA
FBgn0266417	253	86	103	40	158	73	127	134	147	56	81	89	105.76	136	75	0.545	-0.877	-3.418	0.00062995043581631	0.0119350834255445	0	0.0586	0.0362	0.0362	TRUE	NA
FBgn0003891	31065	10280	9291	7603	22956	8146	15646	16066	13239	10634	11706	9984	12879.23	14984	10775	0.72	-0.475	-3.416	0.000635567970830926	0.01201302216799	0.0113	0.0164	0.0138	0.0138	TRUE	NA
FBgn0042094	309	91	91	51	175	53	156	142	130	71	89	65	108.84	143	75	0.534	-0.906	-3.414	0.00064055226228078	0.0120278310095529	0.014	0.0574	0.0399	0.0399	TRUE	NA
FBgn0259110	1572	581	547	418	1175	482	792	908	779	585	599	591	708.96	826	592	0.716	-0.481	-3.411	0.000646980587010293	0.0121215407312973	0.0021	0.0224	0.0128	0.0128	TRUE	NA
FBgn0039776	6998	2565	2985	1952	4601	2528	3525	4009	4253	2730	2346	3099	3326.92	3929	2725	0.695	-0.525	-3.407	0.000657968714118198	0.0123000758951896	0.0163	0.0174	0.0168	0.0168	TRUE	NA
FBgn0003507	12804	4200	4042	3661	8118	3824	6449	6564	5759	5120	4140	4687	5453.23	6257	4649	0.741	-0.432	-3.384	0.000714218031901103	0.013185698737924	0.0057	0.0169	0.0115	0.0115	TRUE	NA
FBgn0029881	11617	3661	3063	2469	7813	2784	5851	5721	4364	3453	3984	3412	4464.46	5312	3616	0.682	-0.551	-3.386	0.000710066858198462	0.013185698737924	0.0218	0.0171	0.0189	0.0189	TRUE	NA
FBgn0038745	3273	1089	1206	944	2456	1043	1648	1702	1718	1320	1252	1278	1486.66	1689	1283	0.76	-0.397	-3.383	0.00071667349374744	0.013185698737924	0	0.0191	0.0092	0.0092	TRUE	NA
FBgn0034398	11495	3538	4556	3045	9143	3658	5790	5529	6492	4259	4662	4484	5202.59	5937	4468	0.752	-0.411	-3.381	0.00072239933774878	0.0132403235142608	0.0042	0.0169	0.0104	0.0104	TRUE	NA
FBgn0033448	1690	611	671	471	1222	581	851	955	956	659	623	712	792.7	921	665	0.722	-0.47	-3.378	0.000729756467208759	0.0133461535250261	0.0032	0.0217	0.0126	0.0126	TRUE	NA
FBgn0265048	21013	6574	7062	6104	14123	6570	10584	10274	10063	8537	7202	8053	9118.68	10307	7931	0.768	-0.38	-3.374	0.000740705686950904	0.0134891027351877	0.0022	0.0166	0.009	0.009	TRUE	NA
FBgn0262582	21109	7735	6683	5783	13183	6487	10632	12088	9523	8088	6723	7951	9167.47	10748	7587	0.705	-0.504	-3.369	0.000754694679913499	0.0136249054525711	0.0151	0.0166	0.016	0.016	TRUE	NA
FBgn0260745	12787	4644	5296	3757	7875	4350	6440	7258	7546	5255	4016	5332	5974.43	7081	4868	0.687	-0.541	-3.352	0.000800994050472671	0.0143379635658919	0.0202	0.0168	0.0186	0.0186	TRUE	NA
FBgn0000416	80285	28187	31241	24301	61632	27797	40437	44051	44515	33989	31429	34070	38081.79	43001	33163	0.772	-0.374	-3.347	0.000815612302741775	0.0144222698430423	0.0031	0.0162	0.009	0.009	TRUE	NA
FBgn0086358	3259	1217	1134	923	2101	1042	1641	1902	1616	1291	1071	1277	1466.46	1720	1213	0.705	-0.505	-3.343	0.000829329995572871	0.014627784921914	0.0111	0.0191	0.0157	0.0157	TRUE	NA
FBgn0004650	363	101	114	61	185	91	183	158	162	85	94	112	132.38	168	97	0.575	-0.797	-3.336	0.000848549226520952	0.0148734272947986	0.0036	0.05	0.0324	0.0324	TRUE	NA
FBgn0085261	412	152	147	84	211	129	208	238	209	117	108	158	172.95	218	128	0.58	-0.786	-3.336	0.000850372640470773	0.0148744641738778	0.0209	0.0421	0.0333	0.0333	TRUE	NA
FBgn0037899	6080	2012	2408	1697	4552	2122	3062	3144	3431	2374	2321	2601	2822.25	3212	2432	0.757	-0.402	-3.331	0.000866405331424689	0.0150922796471933	0.003	0.0177	0.0101	0.0101	TRUE	NA
FBgn0032005	8800	3019	3285	2427	6417	3115	4432	4718	4681	3395	3272	3818	4052.67	4610	3495	0.758	-0.4	-3.327	0.000877157434238629	0.0151854503656384	0.0035	0.0172	0.0101	0.0101	TRUE	NA
FBgn0033356	2745	622	835	560	1628	657	1383	972	1190	783	830	805	993.85	1182	806	0.687	-0.542	-3.325	0.000885371662665052	0.015296246901494	0.0149	0.0206	0.018	0.018	TRUE	NA
FBgn0086708	586	212	200	151	329	166	295	331	285	211	168	203	248.98	304	194	0.636	-0.653	-3.319	0.000903250032651317	0.0155732127306406	0.0093	0.0341	0.0233	0.0233	TRUE	NA
FBgn0038660	3409	1278	1431	984	2290	1214	1717	1997	2039	1376	1168	1488	1630.89	1918	1344	0.702	-0.511	-3.316	0.000912984663518721	0.0157089259145435	0.0136	0.0188	0.0164	0.0164	TRUE	NA
FBgn0035262	715	302	286	198	561	204	360	472	408	277	286	250	342.11	413	271	0.661	-0.598	-3.314	0.000919118799232008	0.0157822619069757	0.0084	0.0292	0.0202	0.0202	TRUE	NA
FBgn0005593	67474	25884	34498	20186	40708	24115	33984	40452	49156	28233	20759	29557	33690.26	41197	26183	0.64	-0.645	-3.307	0.000943164568414174	0.0161294532987828	0.0484	0.0162	0.0274	0.0274	TRUE	NA
FBgn0011722	25973	10599	11068	8334	16640	8635	13082	16564	15771	11656	8485	10584	12690.39	15139	10242	0.676	-0.564	-3.289	0.00100545804384882	0.0171252863993726	0.0286	0.0164	0.0211	0.0211	TRUE	NA
FBgn0034219	2172	795	1002	633	1863	724	1094	1242	1428	885	950	887	1081.15	1255	907	0.727	-0.461	-3.277	0.00104763564136657	0.0177361768922924	0.0057	0.0202	0.0132	0.0132	TRUE	NA
FBgn0010316	1283	355	314	213	790	231	646	555	447	298	403	283	438.72	549	328	0.602	-0.731	-3.275	0.00105581197500968	0.0178387790807747	0.0432	0.0263	0.0333	0.0333	TRUE	NA
FBgn0035496	663	160	210	115	395	148	334	250	299	161	201	181	237.81	294	181	0.618	-0.695	-3.273	0.00106270411414568	0.0179193167727244	0.0179	0.035	0.0277	0.0277	TRUE	NA
FBgn0031285	6902	2323	2818	2028	4531	2317	3476	3630	4015	2836	2311	2840	3184.83	3707	2662	0.718	-0.479	-3.265	0.00109460306375104	0.0183836622121216	0.0121	0.0175	0.0151	0.0151	TRUE	NA
FBgn0032859	8391	2489	2628	1909	6377	2119	4226	3890	3745	2670	3252	2597	3396.65	3954	2840	0.719	-0.476	-3.258	0.00112368625906127	0.018797219940765	0.0132	0.0174	0.0151	0.0151	TRUE	NA
FBgn0038912	1222	433	462	349	914	372	615	677	658	488	466	456	560.11	650	470	0.724	-0.466	-3.253	0.00114329884138607	0.0190497085607232	0	0.0241	0.0128	0.0128	TRUE	NA
FBgn0270926	1723	511	579	443	1249	469	868	799	825	620	637	575	720.47	831	611	0.736	-0.442	-3.237	0.00120698410301986	0.0199140566977699	0	0.0223	0.0119	0.0119	TRUE	NA
FBgn0037705	1133	384	333	265	783	235	571	600	474	371	399	288	450.54	548	353	0.646	-0.631	-3.221	0.00127826704968073	0.0209670612759888	0.0239	0.026	0.0251	0.0251	TRUE	NA
FBgn0030752	8105	2838	3203	2462	6438	2794	4082	4435	4564	3443	3283	3425	3872.08	4360	3384	0.777	-0.365	-3.22	0.0012829221809666	0.0210025571023871	0.002	0.0172	0.009	0.009	TRUE	NA
FBgn0035802	216	94	83	56	122	47	109	147	118	78	62	58	95.35	125	66	0.53	-0.915	-3.217	0.00129366530902947	0.0211373880240842	0.0195	0.0632	0.0458	0.0458	TRUE	NA
FBgn0032156	3452	1013	1091	871	2519	972	1739	1583	1555	1218	1285	1191	1428.41	1626	1231	0.759	-0.398	-3.207	0.00134024226836318	0.0218138659547683	0.0021	0.0192	0.0103	0.0103	TRUE	NA
FBgn0050085	5083	1768	1987	1593	3773	1619	2560	2763	2831	2228	1924	1984	2381.82	2718	2045	0.752	-0.412	-3.196	0.00139413511786764	0.0226037561129655	0.0048	0.018	0.0115	0.0115	TRUE	NA
FBgn0039026	6797	2440	2159	1886	4619	2116	3423	3813	3076	2638	2355	2594	2983.31	3437	2529	0.735	-0.444	-3.195	0.00140058547916931	0.0226213336683456	0.009	0.0176	0.0135	0.0135	TRUE	NA
FBgn0004652	8290	2452	2029	1459	5576	1594	4175	3832	2891	2041	2843	1954	2956.05	3633	2279	0.63	-0.667	-3.193	0.00140873851008199	0.0227095112399641	0.0575	0.0176	0.0311	0.0311	TRUE	NA
FBgn0025628	7000	2620	3174	2118	4912	2549	3526	4095	4523	2962	2505	3124	3455.72	4048	2864	0.71	-0.494	-3.19	0.00142307296563951	0.0228531965205842	0.0179	0.0174	0.017	0.017	TRUE	NA
FBgn0002773	100	31	56	13	48	26	50	48	80	18	24	32	42.19	59	25	0.409	-1.29	-3.181	0.00146613517706959	0.0234553807929293	0	0.1226	0.0875	0.0875	TRUE	NA
FBgn0010549	865	296	332	234	647	264	436	463	473	327	330	324	392.02	457	327	0.716	-0.482	-3.178	0.0014821399903679	0.0236665194295298	0	0.0275	0.0137	0.0137	TRUE	NA
FBgn0028397	1110	328	256	175	681	195	559	513	365	245	347	239	377.91	479	277	0.583	-0.778	-3.175	0.00149848149745075	0.0238676447575423	0.0587	0.028	0.0402	0.0402	TRUE	NA
FBgn0033033	4264	1345	1291	1085	3053	1249	2148	2102	1840	1518	1557	1531	1782.4	2030	1535	0.757	-0.402	-3.175	0.00150089350885541	0.0238676447575423	0.0032	0.0186	0.0109	0.0109	TRUE	NA
FBgn0027594	14372	6158	5869	4474	9454	5043	7239	9624	8363	6258	4821	6181	7080.82	8409	5753	0.686	-0.543	-3.171	0.00151933352682517	0.0240780093320733	0.0286	0.0167	0.021	0.021	TRUE	NA
FBgn0028394	346	110	141	67	242	99	174	172	201	94	123	121	147.59	182	113	0.615	-0.701	-3.16	0.00157723011186155	0.0248553777067378	0	0.0465	0.0277	0.0277	TRUE	NA
FBgn0030054	6168	2006	1830	1546	4191	1878	3107	3135	2608	2162	2137	2302	2575.08	2950	2200	0.746	-0.422	-3.143	0.00167255784987281	0.0261135837634772	0.0071	0.0178	0.0126	0.0126	TRUE	NA
FBgn0023129	742	270	323	215	546	234	374	422	460	301	278	287	353.64	419	289	0.691	-0.533	-3.136	0.0017115002874845	0.0266001243072983	0.0043	0.0288	0.0177	0.0177	TRUE	NA
FBgn0263106	4574	1579	1650	1296	3776	1510	2304	2468	2351	1813	1926	1851	2118.58	2374	1863	0.785	-0.349	-3.128	0.00176216101083775	0.0273102564014211	0	0.0182	0.0085	0.0085	TRUE	NA
FBgn0000286	1208	392	349	291	744	343	608	613	497	407	379	420	487.53	573	402	0.702	-0.511	-3.125	0.00177608051099358	0.0274251552897196	0.0067	0.0253	0.0169	0.0169	TRUE	NA
FBgn0034804	82	30	40	14	38	17	41	47	57	20	19	21	34.16	48	20	0.411	-1.282	-3.124	0.00178366819013562	0.0274919680274833	0	0.1477	0.0836	0.0836	TRUE	NA
FBgn0039467	11112	3533	4092	3048	9249	3591	5597	5521	5831	4263	4716	4401	5054.97	5650	4460	0.789	-0.341	-3.115	0.00184068421279609	0.0283189937921237	0.0014	0.017	0.0084	0.0084	TRUE	NA
FBgn0031952	1003	344	329	241	737	298	505	538	469	337	376	365	431.62	504	359	0.713	-0.488	-3.111	0.00186303631227273	0.0286106724021336	0	0.0265	0.0151	0.0151	TRUE	NA
FBgn0062978	71	22	20	6	26	7	36	34	28	8	13	9	21.48	33	10	0.315	-1.666	-3.096	0.00195986994398604	0.0298560730727814	0	0.2254	0.1429	0.1429	TRUE	NA
FBgn0035903	272	86	89	54	164	62	137	134	127	76	84	76	105.56	133	79	0.593	-0.755	-3.089	0.00200518894197981	0.0303514326208829	0	0.0587	0.0322	0.0322	TRUE	NA
FBgn0033402	2572	796	871	650	1730	847	1295	1244	1241	909	882	1038	1101.67	1260	943	0.747	-0.421	-3.083	0.00205004637276827	0.0309748046036009	0.0044	0.0202	0.0124	0.0124	TRUE	NA
FBgn0041188	12662	4085	3658	3327	8493	3746	6377	6384	5212	4653	4331	4591	5258.24	5991	4525	0.756	-0.404	-3.082	0.00205658931863088	0.0309933241555334	0.0075	0.0169	0.0122	0.0122	TRUE	NA
FBgn0053155	234	20	22	13	39	6	118	31	31	18	20	7	37.65	60	15	0.316	-1.663	-3.082	0.00205862430638106	0.0309933241555334	0.22	0.1355	0.1657	0.1657	TRUE	NA
FBgn0010300	11918	4233	3681	3276	8620	3629	6003	6615	5245	4582	4396	4448	5214.8	5954	4475	0.752	-0.412	-3.058	0.00222969338097292	0.0332717608760755	0.0086	0.0169	0.0129	0.0129	TRUE	NA
FBgn0243512	5783	1553	1445	1158	3715	1346	2913	2427	2059	1620	1894	1650	2093.76	2466	1721	0.703	-0.508	-3.055	0.00224842778184954	0.0334920399801652	0.0208	0.0182	0.0194	0.0194	TRUE	NA
FBgn0003557	5747	2062	2004	1706	4489	1861	2895	3223	2855	2386	2289	2281	2654.8	2991	2319	0.775	-0.367	-3.051	0.00228105399175324	0.0337988861238515	0.0027	0.0178	0.01	0.01	TRUE	NA
FBgn0024150	4319	1831	1700	1353	2947	1489	2175	2862	2422	1892	1503	1825	2113.23	2486	1740	0.701	-0.512	-3.047	0.0023124303189623	0.0341437828707026	0.0233	0.0182	0.0199	0.0199	TRUE	NA
FBgn0003862	9650	3147	2537	2160	6814	2258	4860	4918	3615	3021	3475	2768	3776.16	4464	3088	0.693	-0.529	-3.045	0.00232541673395709	0.0342755043426437	0.0274	0.0173	0.0214	0.0214	TRUE	NA
FBgn0267912	5480	1838	1720	1474	4014	1715	2760	2872	2451	2062	2047	2102	2382.32	2694	2070	0.768	-0.38	-3.043	0.00234144652901316	0.0344515457000174	0.0036	0.018	0.0108	0.0108	TRUE	NA
FBgn0027552	2692	646	846	604	1445	758	1356	1010	1205	845	737	929	1013.6	1190	837	0.705	-0.505	-3.038	0.00238312275654748	0.0347637239136687	0.0167	0.0205	0.0188	0.0188	TRUE	NA
FBgn0052813	386	129	144	102	215	106	194	202	205	143	110	130	163.9	200	128	0.632	-0.663	-3.039	0.00237155162486121	0.0347637239136687	0	0.0435	0.0273	0.0273	TRUE	NA
FBgn0027585	126	54	45	29	57	25	63	84	64	41	29	31	52.04	70	34	0.47	-1.09	-3.037	0.00239024512495963	0.0348051064741531	0	0.1025	0.0691	0.0691	TRUE	NA
FBgn0026064	570	218	168	134	336	160	287	341	239	187	171	196	237.01	289	185	0.639	-0.647	-3.029	0.00245086104451939	0.0353822079903133	0.0183	0.035	0.028	0.028	TRUE	NA
FBgn0000078	161	32	78	33	58	24	81	50	111	46	30	29	57.9	81	35	0.425	-1.235	-3.028	0.00246060900661993	0.0354622128800216	0.104	0.0937	0.0977	0.0977	TRUE	NA
FBgn0265523	55650	19418	16107	15053	37105	16437	28029	30347	22951	21054	18921	20147	23574.73	27109	20041	0.739	-0.436	-3.023	0.00250551145374456	0.0359251140587081	0.0134	0.0163	0.015	0.015	TRUE	NA
FBgn0004865	169	56	54	29	95	33	85	88	77	41	48	40	63.17	83	43	0.523	-0.936	-3.02	0.00252847094527791	0.0361314212536239	0	0.0872	0.0506	0.0506	TRUE	NA
FBgn0033128	1069	301	392	235	809	275	538	470	559	329	413	337	440.95	522	360	0.689	-0.538	-3.02	0.0025244306217381	0.0361314212536239	0.013	0.0263	0.0203	0.0203	TRUE	NA
FBgn0034970	2876	919	979	834	2005	911	1449	1436	1395	1166	1022	1117	1264.21	1427	1102	0.771	-0.375	-3.019	0.00253696954809956	0.0361915232826183	0.0013	0.0196	0.0102	0.0102	TRUE	NA
FBgn0035132	3318	1014	1093	854	2586	947	1671	1585	1557	1194	1319	1161	1414.52	1604	1225	0.764	-0.388	-3.017	0.00255224884781739	0.0362866948329653	0.0034	0.0192	0.0111	0.0111	TRUE	NA
FBgn0035312	428	177	210	122	326	149	216	277	299	171	166	183	218.49	264	173	0.66	-0.599	-3.015	0.00256868898168576	0.0364589508494826	0.0064	0.0366	0.0232	0.0232	TRUE	NA
FBgn0041342	7505	2872	3133	2302	4781	2684	3780	4488	4464	3220	2438	3290	3613.35	4244	2983	0.703	-0.508	-3.014	0.00257853204128537	0.0365371489749192	0.0232	0.0173	0.0201	0.0201	TRUE	NA
FBgn0000535	627	236	176	136	433	134	316	369	251	190	221	164	251.78	312	192	0.618	-0.694	-2.999	0.0027095744040865	0.0380106851927675	0.0342	0.0339	0.034	0.034	TRUE	NA
FBgn0052529	22950	8088	7407	6636	15820	7421	11559	12640	10554	9281	8067	9096	10199.65	11584	8815	0.76	-0.395	-2.993	0.00275956581057212	0.0386476733370989	0.0082	0.0165	0.0125	0.0125	TRUE	NA
FBgn0264090	80	26	24	13	28	9	40	41	34	18	14	11	26.44	38	14	0.378	-1.402	-2.992	0.00276979816204659	0.0387266472706713	0	0.1861	0.1083	0.1083	TRUE	NA
FBgn0052251	2950	942	817	608	2172	723	1486	1472	1164	850	1108	886	1161.04	1374	948	0.69	-0.535	-2.984	0.00284829639585022	0.0395617576827235	0.0247	0.0199	0.0222	0.0222	TRUE	NA
FBgn0086687	17914	6045	6792	5402	13906	6335	9023	9447	9678	7556	7091	7765	8426.54	9383	7471	0.796	-0.328	-2.984	0.00284528540220967	0.0395617576827235	0.0019	0.0166	0.0086	0.0086	TRUE	NA
FBgn0037917	1613	447	567	373	1149	482	812	699	808	522	586	591	669.55	773	566	0.731	-0.451	-2.98	0.0028866623185342	0.0399629720978027	0.0058	0.0228	0.0149	0.0149	TRUE	NA
FBgn0035766	3550	1171	1255	1051	2810	1065	1788	1830	1788	1470	1433	1305	1602.43	1802	1403	0.779	-0.361	-2.974	0.00294013309998937	0.0406364953541154	0.0015	0.0189	0.0099	0.0099	TRUE	NA
FBgn0051005	764	218	234	178	501	197	385	341	333	249	255	241	300.8	353	248	0.706	-0.502	-2.972	0.00296063823912568	0.0407861780948833	0	0.031	0.0168	0.0168	TRUE	NA
FBgn0029114	3069	1027	945	777	2360	860	1546	1605	1347	1087	1203	1054	1306.93	1499	1115	0.744	-0.426	-2.97	0.00297583642683845	0.0408790376543306	0.0073	0.0195	0.014	0.014	TRUE	NA
FBgn0031126	925	296	283	212	656	255	466	463	403	297	335	313	379.22	444	315	0.709	-0.495	-2.968	0.00300053715641249	0.0411341931149817	0.004	0.0279	0.0171	0.0171	TRUE	NA
FBgn0033362	235	118	123	75	146	67	118	184	175	105	74	82	123.25	159	87	0.551	-0.861	-2.964	0.00303707837887398	0.0415675451498158	0.0491	0.0525	0.0511	0.0511	TRUE	NA
FBgn0038256	2247	773	951	684	1423	756	1132	1208	1355	957	726	927	1050.64	1232	870	0.705	-0.505	-2.958	0.00310076582999305	0.0423704322733734	0.0179	0.0203	0.0199	0.0199	TRUE	NA
FBgn0004606	41396	13057	10856	10244	26495	11498	20850	20406	15469	14328	13511	14093	16442.62	18908	13977	0.741	-0.432	-2.954	0.00313385196507373	0.0426685616506245	0.0146	0.0163	0.0154	0.0154	TRUE	NA
FBgn0032482	8311	2581	3098	2296	6817	2741	4186	4034	4414	3211	3476	3360	3780.18	4211	3349	0.795	-0.331	-2.952	0.00315792553672603	0.0428046144696739	0.0012	0.0173	0.0088	0.0088	TRUE	NA
FBgn0086450	10864	4894	4950	3617	7224	3997	5472	7648	7053	5059	3684	4899	5635.88	6724	4547	0.68	-0.556	-2.947	0.00320638966973969	0.0432529140889205	0.0417	0.0169	0.0255	0.0255	TRUE	NA
FBgn0032698	1023	291	293	226	615	288	515	455	417	316	314	353	395.04	462	328	0.708	-0.497	-2.946	0.00321854732240122	0.0433475598644803	0.0053	0.0275	0.0177	0.0177	TRUE	NA
FBgn0014033	14239	3851	4592	3719	10290	4183	7172	6018	6543	5202	5247	5127	5884.86	6578	5192	0.791	-0.339	-2.934	0.00334915581321187	0.0448914668699353	0.0033	0.0168	0.0094	0.0094	TRUE	NA
FBgn0010768	770	244	246	184	462	237	388	381	351	257	236	290	317.18	373	261	0.697	-0.521	-2.924	0.00345092045829548	0.0460359341517234	0.0055	0.0302	0.0193	0.0193	TRUE	NA
FBgn0033174	1132	351	395	295	791	359	570	549	563	413	403	440	489.59	561	419	0.746	-0.424	-2.912	0.00358705155623333	0.0474763448518104	0	0.0253	0.013	0.013	TRUE	NA
FBgn0036059	2085	561	628	395	1521	497	1050	877	895	552	776	609	793.16	941	646	0.687	-0.543	-2.911	0.00359936136224572	0.0475646013245982	0.0266	0.0217	0.0236	0.0236	TRUE	NA
FBgn0034894	1204	466	400	315	886	393	606	728	570	441	452	482	546.45	635	458	0.721	-0.471	-2.901	0.00371722979403789	0.048892300145918	0.0082	0.0243	0.017	0.017	TRUE	NA
FBgn0010222	1088	421	497	318	728	408	548	658	708	445	371	500	538.37	638	439	0.689	-0.538	-2.897	0.00377022204002183	0.0492494370235078	0.02	0.0244	0.0227	0.0227	TRUE	NA
FBgn0036454	1772	691	615	499	1251	604	892	1080	876	698	638	740	820.81	949	692	0.729	-0.457	-2.897	0.00376178116417579	0.0492494370235078	0.0101	0.0215	0.0165	0.0165	TRUE	NA
FBgn0266450	3096	1229	1049	913	2247	1000	1559	1921	1495	1277	1146	1226	1437.21	1658	1216	0.734	-0.447	-2.89	0.00384888518299236	0.0499999244650363	0.0135	0.0192	0.0165	0.0165	TRUE	NA
